genericdec-3.60   40.154   1   20150.00  0.000.02  0.000.03  0.000.05  0.000.07  0.000.08  0.000.10  0.000.12  0.000.13  0.000.15  0.000.17  0.000.18  0.000.20  0.000.22  0.000.23  0.000.25  0.000.27  0.000.28  0.000.30  0.000.32  0.000.33  0.000.35  0.000.37  0.000.38  0.000.40  0.000.42  0.000.43  0.000.45  0.000.47  0.000.48  0.000.50  0.000.52  0.000.53  0.000.55  0.000.57  0.000.58  0.000.60  0.000.62  0.000.63  0.000.65  0.000.67  0.000.68  0.000.70  0.000.72  0.000.73  0.000.75  0.000.77  0.000.78  0.000.80  0.000.82  0.000.83  0.000.85  0.000.87  0.000.88  0.000.90  0.000.92  0.000.93  0.000.95  0.000.97  0.000.98  0.001.00  0.001.02  0.001.03  0.001.05  0.001.07  0.001.08  0.001.10  0.001.12  0.001.13  0.001.15  0.001.17  0.001.18  0.001.20  0.001.22  0.001.23  0.001.25  0.001.27  0.001.28  0.001.30  0.001.32  0.001.33  0.001.35  0.001.37  0.001.38  0.001.40  0.001.42  0.001.43  0.001.45  0.001.47  0.001.48  0.001.50  0.001.52  0.001.53  0.001.55  0.001.57  0.001.58  0.001.60  0.001.62  0.001.63  0.001.65  0.001.67  0.001.68  0.001.70  0.001.72  0.001.73  0.001.75  0.001.77  0.001.78  0.001.80  0.001.82  0.001.83  0.001.85  0.001.87  0.001.88  0.001.90  0.001.92  0.001.93  0.001.95  0.001.97  0.001.98  0.002.00  0.002.02  0.002.03  0.002.05  0.002.07  0.002.08  0.002.10  0.002.12  0.002.13  0.002.15  0.002.17  0.002.18  0.002.20  0.002.22  0.002.23  0.002.25  0.002.27  0.002.28  0.002.30  0.002.32  0.002.33  0.002.35  0.002.37  0.002.38  0.002.40  0.002.42  0.002.43  0.002.45  0.002.47  0.002.48  0.002.50  0.002.52  0.002.53  0.002.55  0.002.57  0.002.58  0.002.60  0.002.62  0.002.63  0.002.65  0.002.67  0.002.68  0.002.70  0.002.72  0.002.73  0.002.75  0.002.77  0.002.78  0.002.80  0.002.82  0.002.83  0.002.85  0.002.87  0.002.88  0.002.90  0.002.92  0.002.93  0.002.95  0.002.97  0.002.98  0.003.00  0.003.02  0.003.03  0.003.05  0.003.07  0.003.08  0.003.10  0.003.12  0.003.13  0.003.15  0.003.17  0.003.18  0.003.20  0.003.22  0.003.23  0.003.25  0.003.27  0.003.28  0.003.30  0.003.32  0.003.33  0.003.35  0.003.37  0.003.38  0.003.40  0.003.42  0.003.43  0.003.45  0.003.47  0.003.48  0.003.50  0.003.52  0.003.53  0.003.55  0.003.57  0.003.58  0.003.60  0.003.62  0.003.63  0.003.65  0.003.67  0.003.68  0.003.70  0.003.72  0.003.73  0.003.75  0.003.77  0.003.78  0.003.80  0.003.82  0.003.83  0.003.85  0.003.87  0.003.88  0.003.90  0.003.92  0.003.93  0.003.95  0.003.97  0.003.98  0.004.00  0.004.02  0.004.03  0.004.05  0.004.07  0.004.08  0.004.08  0.004.10  0.004.12  0.004.13  0.004.15  0.004.17  0.004.18  0.004.20  0.004.22  0.004.23  0.004.25  0.004.27  0.004.28  0.004.30  0.004.32  0.004.33  0.004.35  0.004.37  0.004.38  0.004.40  0.004.42  0.004.43  0.004.45  0.004.47  0.004.48  0.004.50  0.004.52  0.004.53  0.004.55  0.004.57  0.004.58  0.004.60  0.004.62  0.004.63  0.004.65  0.004.67  0.004.68  0.004.70  0.004.72  0.004.73  0.004.75  0.004.77  0.00
4.78  0.00
4.80  0.00
4.82  0.00
4.83  0.00
4.85  0.00
4.87  0.01
4.88  0.02
4.90  0.03
4.92  0.04
4.93  0.06
4.95  0.07
4.97  0.07
4.98  0.08
5.00  0.10
5.02  0.13
5.03  0.16
5.05  0.18
5.07  0.15
5.08  0.21
5.10  0.22
5.12  0.25
5.13  0.27
5.15  0.29
5.17  0.30
5.18  0.32
5.20  0.33
5.22  0.35
5.23  0.37
5.25  0.37
5.27  0.38
5.28  0.39
5.30  0.40
5.32  0.41
5.33  0.43
5.35  0.45
5.37  0.46
5.38  0.48
5.40  0.49
5.42  0.50
5.43  0.53
5.45  0.55
5.47  0.55
5.48  0.52
5.50  0.52
5.52  0.58
5.53  0.68
5.55  0.74
5.57  0.71
5.58  0.65
5.60  0.60
5.62  0.63
5.63  0.70
5.65  0.79
5.67  0.86
5.68  0.91
5.70  0.88
5.72  0.84
5.73  0.82
5.75  0.73
5.77  0.63
5.78  0.63
5.80  0.69
5.82  0.70
5.83  0.75
5.85  0.79
5.87  0.85
5.88  1.04
5.90  1.20
5.92  1.31
5.93  1.46
5.95  1.56
5.97  1.61
5.98  1.62
6.00  1.67
6.02  1.70
6.03  1.69
6.05  1.66
6.07  1.67
6.08  1.67
6.10  1.60
6.12  1.55
6.13  1.48
6.15  1.49
6.17  1.57
6.18  1.68
6.20  1.80
6.22  1.87
6.23  1.84
6.25  1.81
6.27  1.83
6.28  1.90
6.30  1.94
6.32  1.99
6.33  2.01
6.35  1.99
6.37  1.96
6.38  1.91
6.40  1.85
6.42  1.84
6.43  1.88
6.45  1.97
6.47  2.10
6.48  2.28
6.50  2.47
6.52  2.64
6.53  2.70
6.55  2.75
6.57  2.79
6.58  2.96
6.60  2.69
6.62  2.88
6.63  2.84
6.65  2.97
6.67  2.41
6.68  2.79
6.70  2.66
6.72  2.52
6.73  2.52
6.75  2.58
6.77  2.66
6.78  2.76
6.80  2.86
6.82  3.01
6.83  3.35
6.85  3.39
6.87  2.80
6.88  2.48
6.90  2.48
6.92  2.56
6.93  2.64
6.95  2.69
6.97  2.83
6.98  2.91
7.00  2.82
7.02  2.81
7.03  2.78
7.05  2.78
7.07  2.84
7.08  2.95
7.10  3.05
7.12  3.06
7.13  3.08
7.15  2.85
7.17  2.83
7.18  2.77
7.20  2.64
7.22  2.57
7.23  2.53
7.25  2.53
7.27  2.54
7.28  2.52
7.30  2.48
7.32  2.41
7.33  2.37
7.35  2.37
7.37  2.37
7.38  2.37
7.40  2.39
7.42  2.41
7.43  2.38
7.45  2.36
7.47  2.37
7.48  2.42
7.50  2.49
7.52  2.53
7.53  2.57
7.55  2.61
7.57  2.64
7.58  2.66
7.60  2.70
7.62  2.73
7.63  2.79
7.65  2.86
7.67  2.90
7.68  3.00
7.70  3.06
7.72  3.07
7.73  3.10
7.75  3.11
7.77  3.13
7.78  3.23
7.80  3.33
7.82  3.42
7.83  3.57
7.85  3.64
7.87  3.55
7.88  3.39
7.90  3.19
7.92  3.12
7.93  3.05
7.95  3.02
7.97  3.04
7.98  3.13
8.00  3.11
8.02  2.98
8.03  2.97
8.05  3.12
8.07  3.29
8.08  3.44
8.10  3.55
8.12  3.54
8.13  3.53
8.15  3.65
8.17  3.54
8.18  3.65
8.20  3.57
8.22  3.54
8.23  3.64
8.25  3.67
8.27  3.60
8.28  3.57
8.30  3.60
8.32  3.72
8.33  3.56
8.35  3.52
8.37  3.53
8.38  3.44
8.40  3.30
8.42  3.56
8.43  3.41
8.45  3.33
8.47  3.19
8.48  3.09
8.50  3.10
8.52  3.03
8.53  2.94
8.55  3.06
8.57  3.25
8.58  3.18
8.60  3.44
8.62  3.80
8.63  3.90
8.65  3.86
8.67  4.00
8.68  3.63
8.70  3.85
8.72  4.05
8.73  4.03
8.75  3.87
8.77  3.38
8.78  3.11
8.80  3.15
8.82  3.37
8.83  3.43
8.85  2.85
8.87  2.75
8.88  2.64
8.90  2.70
8.92  3.20
8.93  3.34
8.95  3.55
8.97  3.65
8.98  3.69
9.00  3.61
9.02  3.29
9.03  3.07
9.05  3.11
9.07  3.16
9.08  3.54
9.10  3.84
9.12  3.98
9.13  3.99
9.15  3.99
9.17  4.03
9.18  4.01
9.20  3.95
9.22  3.75
9.23  3.61
9.25  3.32
9.27  3.16
9.28  3.04
9.30  3.25
9.32  3.32
9.33  3.18
9.35  3.17
9.37  3.11
9.38  3.15
9.40  3.29
9.42  3.35
9.43  3.41
9.45  3.32
9.47  3.26
9.48  3.14
9.50  3.08
9.52  3.00
9.53  2.90
9.55  2.85
9.57  2.81
9.58  2.75
9.60  2.71
9.62  2.77
9.63  2.83
9.65  2.85
9.67  2.88
9.68  2.94
9.70  3.00
9.72  3.07
9.73  3.00
9.75  2.94
9.77  2.87
9.78  2.80
9.80  2.73
9.82  2.70
9.83  2.67
9.85  2.66
9.87  2.67
9.88  2.71
9.90  2.81
9.92  2.94
9.93  3.05
9.95  3.07
9.97  2.99
9.98  2.90
10.00  2.82
10.02  2.84
10.03  2.95
10.05  3.09
10.07  3.19
10.08  3.23
10.10  3.25
10.12  3.23
10.13  3.22
10.15  3.22
10.17  3.23
10.18  3.25
10.20  3.24
10.22  3.22
10.23  3.19
10.25  3.18
10.27  3.16
10.28  3.13
10.30  3.06
10.32  3.01
10.33  3.00
10.35  3.01
10.37  3.01
10.38  3.08
10.40  3.10
10.42  3.12
10.43  3.11
10.45  3.10
10.47  3.12
10.48  3.13
10.50  3.15
10.52  3.16
10.53  3.15
10.55  3.11
10.57  3.06
10.58  3.08
10.60  3.14
10.62  3.18
10.63  3.14
10.65  3.13
10.67  3.17
10.68  3.19
10.70  3.14
10.72  3.08
10.73  3.10
10.75  3.11
10.77  3.16
10.78  3.16
10.80  3.14
10.82  3.01
10.83  2.97
10.85  3.01
10.87  2.98
10.88  2.95
10.90  3.06
10.92  3.02
10.93  2.98
10.95  3.03
10.97  3.04
10.98  3.06
11.00  3.09
11.02  3.05
11.03  3.04
11.05  3.06
11.07  3.10
11.08  3.13
11.10  3.13
11.12  3.10
11.13  3.08
11.15  3.08
11.17  3.08
11.18  3.12
11.20  3.14
11.22  3.16
11.23  3.17
11.25  3.14
11.27  3.07
11.28  3.00
11.30  2.98
11.32  3.04
11.33  3.03
11.35  2.99
11.37  2.95
11.38  2.92
11.40  2.94
11.42  3.00
11.43  3.03
11.45  2.99
11.47  2.91
11.48  2.86
11.50  2.81
11.52  2.72
11.53  2.67
11.55  2.75
11.57  2.81
11.58  2.87
11.60  2.84
11.62  2.73
11.63  2.71
11.65  2.81
11.67  2.86
11.68  2.85
11.70  2.89
11.72  2.94
11.73  2.91
11.75  2.84
11.77  2.78
11.78  2.73
11.80  2.70
11.82  2.75
11.83  2.86
11.85  2.93
11.87  2.98
11.88  3.03
11.90  3.07
11.92  3.09
11.93  3.09
11.95  3.07
11.97  3.04
11.98  3.02
12.00  2.99
12.02  2.99
12.03  2.98
12.05  2.97
12.07  2.97
12.08  2.97
12.10  3.00
12.12  3.04
12.13  3.08
12.13  3.07
12.15  3.02
12.17  2.99
12.18  2.99
12.20  3.02
12.22  3.03
12.23  3.02
12.25  3.02
12.27  3.03
12.28  3.06
12.30  3.07
12.32  3.05
12.33  3.05
12.35  3.04
12.37  3.01
12.38  3.00
12.40  3.00
12.42  3.01
12.43  3.02
12.45  3.04
12.47  3.05
12.48  3.05
12.50  3.04
12.52  3.03
12.53  3.02
12.55  3.01
12.57  3.00
12.58  3.01
12.60  3.00
12.62  3.02
12.63  3.01
12.65  3.00
12.67  2.96
12.68  2.94
12.70  2.95
12.72  2.98
12.73  2.99
12.75  2.98
12.77  2.96
12.78  2.96
12.80  2.97
12.82  2.97
12.83  2.97
12.85  2.96
12.87  2.98
12.88  2.98
12.90  2.97
12.92  2.95
12.93  2.94
12.95  2.93
12.97  2.95
12.98  2.97
13.00  2.95
13.02  2.89
13.03  2.85
13.05  2.84
13.07  2.81
13.08  2.78
13.10  2.77
13.12  2.78
13.13  2.80
13.15  2.87
13.17  2.94
13.18  2.99
13.20  3.00
13.22  3.02
13.23  3.03
13.25  2.98
13.27  2.91
13.28  2.81
13.30  2.78
13.32  2.75
13.33  2.74
13.35  2.74
13.37  2.80
13.38  2.86
13.40  2.88
13.42  2.91
13.43  2.93
13.45  2.96
13.47  2.99
13.48  2.98
13.50  2.96
13.52  2.93
13.53  2.90
13.55  2.89
13.57  2.90
13.58  2.90
13.60  2.91
13.62  2.90
13.63  2.87
13.65  2.86
13.67  2.87
13.68  2.87
13.70  2.90
13.72  2.92
13.73  2.93
13.75  2.95
13.77  2.95
13.78  2.92
13.80  2.91
13.82  2.90
13.83  2.90
13.85  2.93
13.87  2.97
13.88  2.99
13.90  2.98
13.92  2.97
13.93  2.97
13.95  2.97
13.97  2.99
13.98  3.00
14.00  3.00
14.02  2.96
14.03  2.89
14.05  2.82
14.07  2.76
14.08  2.74
14.10  2.69
14.12  2.61
14.13  2.54
14.15  2.54
14.17  2.56
14.18  2.54
14.20  2.53
14.22  2.53
14.23  2.54
14.25  2.59
14.27  2.67
14.28  2.75
14.30  2.82
14.32  2.86
14.33  2.89
14.35  2.90
14.37  2.90
14.38  2.92
14.40  2.93
14.42  2.94
14.43  2.92
14.45  2.91
14.47  2.91
14.48  2.92
14.50  2.91
14.52  2.88
14.53  2.88
14.55  2.88
14.57  2.87
14.58  2.84
14.60  2.81
14.62  2.80
14.63  2.78
14.65  2.70
14.67  2.64
14.68  2.57
14.70  2.52
14.72  2.52
14.73  2.51
14.75  2.57
14.77  2.66
14.78  2.69
14.80  2.72
14.82  2.71
14.83  2.68
14.85  2.68
14.87  2.71
14.88  2.77
14.90  2.80
14.92  2.81
14.93  2.82
14.95  2.82
14.97  2.83
14.98  2.83
15.00  2.82
15.02  2.81
15.03  2.76
15.05  2.70
15.07  2.69
15.08  2.71
15.10  2.72
15.12  2.72
15.13  2.71
15.15  2.67
15.17  2.63
15.18  2.59
15.20  2.52
15.22  2.46
15.23  2.41
15.25  2.42
15.27  2.44
15.28  2.45
15.30  2.48
15.32  2.48
15.33  2.49
15.35  2.51
15.37  2.54
15.38  2.55
15.40  2.54
15.42  2.53
15.43  2.49
15.45  2.45
15.47  2.41
15.48  2.40
15.50  2.42
15.52  2.45
15.53  2.44
15.55  2.38
15.57  2.29
15.58  2.27
15.60  2.28
15.62  2.28
15.63  2.29
15.65  2.31
15.67  2.32
15.68  2.29
15.70  2.28
15.72  2.24
15.73  2.20
15.75  2.21
15.77  2.26
15.78  2.30
15.80  2.29
15.82  2.27
15.83  2.21
15.85  2.15
15.87  2.14
15.88  2.15
15.90  2.18
15.92  2.23
15.93  2.25
15.95  2.23
15.97  2.18
15.98  2.13
16.00  2.08
16.02  2.07
16.03  2.08
16.05  2.09
16.07  2.10
16.08  2.12
16.10  2.15
16.12  2.17
16.13  2.15
16.15  2.15
16.17  2.16
16.18  2.15
16.20  2.11
16.22  2.07
16.23  2.03
16.25  2.00
16.27  1.94
16.28  1.87
16.30  1.83
16.32  1.80
16.33  1.79
16.35  1.79
16.37  1.77
16.38  1.74
16.40  1.71
16.42  1.67
16.43  1.04
16.45  0.72
16.47  0.70
16.48  0.69
16.50  0.70
16.52  0.71
16.53  0.72
16.55  0.74
16.57  0.75
16.58  0.76
16.60  0.77
16.62  0.77
16.63  0.80
16.65  0.83
16.67  0.83
16.68  0.81
16.70  0.80
16.72  0.80
16.73  0.82
16.75  0.84
16.77  0.85
16.78  0.86
16.80  0.88
16.82  0.90
16.83  0.92
16.85  0.91
16.87  0.90
16.88  0.87
16.90  0.83
16.92  0.79
16.93  0.75
16.95  0.72
16.97  0.70
16.98  0.69
17.00  0.68
17.02  0.68
17.03  0.68
17.05  0.70
17.07  0.71
17.08  0.71
17.10  0.72
17.12  0.73
17.13  0.76
17.15  0.78
17.17  0.80
17.18  0.80
17.20  0.79
17.22  0.80
17.23  0.88
17.25  0.95
17.27  0.97
17.28  0.97
17.30  1.01
17.32  1.02
17.33  1.03
17.35  1.03
17.37  0.99
17.38  0.98
17.40  0.99
17.42  0.99
17.43  1.00
17.45  1.01
17.47  0.99
17.48  0.98
17.50  0.98
17.52  0.99
17.53  1.01
17.55  1.02
17.57  0.98
17.58  0.95
17.60  0.93
17.62  0.91
17.63  0.90
17.65  0.90
17.67  0.90
17.68  0.86
17.70  0.84
17.72  0.83
17.73  0.84
17.75  0.84
17.77  0.81
17.78  0.78
17.80  1.08
17.82  2.64
17.83  2.59
17.85  2.57
17.87  2.62
17.88  2.64
17.90  2.61
17.92  2.53
17.93  2.43
17.95  2.35
17.97  2.29
17.98  2.24
18.00  2.21
18.02  2.17
18.03  2.11
18.05  2.09
18.07  2.06
18.08  2.03
18.10  2.04
18.12  2.05
18.13  2.05
18.15  2.04
18.17  2.04
18.18  2.06
18.20  2.08
18.22  2.08
18.23  2.04
18.25  1.99
18.27  1.96
18.28  1.95
18.30  1.92
18.32  1.89
18.33  1.85
18.35  1.83
18.37  1.84
18.38  1.81
18.40  1.80
18.42  1.82
18.43  1.81
18.45  1.81
18.47  1.83
18.48  1.84
18.50  1.84
18.52  1.86
18.53  1.87
18.55  1.87
18.57  1.84
18.58  1.81
18.60  1.78
18.62  1.76
18.63  1.74
18.65  1.68
18.67  1.63
18.68  1.57
18.70  1.52
18.72  1.48
18.73  1.46
18.75  1.43
18.77  1.39
18.78  1.34
18.80  1.30
18.82  1.26
18.83  1.21
18.85  1.15
18.87  1.11
18.88  1.07
18.90  1.03
18.92  0.97
18.93  0.90
18.95  0.85
18.97  0.77
18.98  0.72
19.00  0.69
19.02  0.63
19.03  0.55
19.05  0.48
19.07  0.45
19.08  0.46
19.10  0.46
19.12  0.42
19.13  0.38
19.15  0.34
19.17  0.30
19.18  0.27
19.20  0.23
19.22  0.18
19.23  0.14
19.25  0.11
19.27  0.09
19.28  0.07
19.30  0.06
19.32  0.05
19.33  0.04
19.35  0.03
19.37  0.03
19.38  0.02
19.40  0.01
19.42  0.01
19.43  0.01
19.45  0.0019.47  0.0019.48  0.0019.50  0.0019.52  0.0019.53  0.0019.55  0.0019.57  0.0019.58  0.0019.60  0.0019.62  0.0019.63  0.0019.65  0.0019.67  0.0019.68  0.0019.70  0.0019.72  0.0019.73  0.0019.75  0.0019.77  0.0019.78  0.0019.80  0.0019.82  0.0019.83  0.0019.85  0.0019.87  0.0019.88  0.0019.90  0.0019.92  0.0019.93  0.0019.95  0.0019.97  0.0019.98  0.0020.00  0.0020.02  0.0020.03  0.0020.05  0.0020.07  0.0020.08  0.0020.10  0.0020.12  0.0020.13  0.0020.15  0.0020.17  0.0020.18  0.0020.20  0.0020.22  0.0020.23  0.0020.25  0.0020.27  0.0020.28  0.0020.30  0.0020.32  0.0020.33  0.0020.35  0.0020.37  0.0020.38  0.0020.40  0.0020.42  0.0020.43  0.0020.45  0.0020.47  0.0020.48  0.0020.50  0.0020.52  0.0020.53  0.0020.55  0.0020.57  0.0020.58  0.0020.60  0.0020.62  0.0020.63  0.0020.65  0.0020.67  0.0020.68  0.0020.70  0.0020.72  0.0020.73  0.0020.75  0.0020.77  0.0020.78  0.0020.80  0.0020.82  0.0020.83  0.0020.85  0.0020.87  0.0020.88  0.0020.90  0.0020.92  0.0020.93  0.0020.95  0.0020.97  0.0020.98  0.0021.00  0.0021.02  0.0021.03  0.0021.05  0.0021.07  0.0021.08  0.0021.10  0.0021.12  0.0021.13  0.0021.15  0.0021.17  0.0021.18  0.0021.20  0.0021.22  0.0021.23  0.0021.25  0.0021.27  0.0021.28  0.0021.30  0.0021.32  0.0021.33  0.0021.35  0.0021.37  0.0021.38  0.0021.40  0.0021.42  0.0021.43  0.0021.45  0.0021.47  0.0021.48  0.0021.50  0.0021.52  0.0021.53  0.0021.55  0.0021.57  0.0021.58  0.0021.60  0.0021.62  0.0021.63  0.0021.65  0.0021.67  0.0021.68  0.0021.70  0.0021.72  0.0021.73  0.0021.75  0.0021.77  0.0021.78  0.0021.80  0.0021.82  0.0021.83  0.0021.85  0.0021.87  0.0021.88  0.0021.90  0.0021.92  0.0021.93  0.0021.95  0.0021.97  0.0021.98  0.0022.00  0.0022.02  0.0022.03  0.0022.05  0.0022.07  0.0022.08  0.0022.10  0.0022.12  0.0022.13  0.0022.15  0.0022.17  0.0022.18  0.0022.20  0.0022.22  0.0022.23  0.0022.25  0.0022.27  0.0022.28  0.0022.30  0.0022.32  0.0022.33  0.0022.35  0.0022.37  0.0022.38  0.0022.40  0.0022.42  0.0022.43  0.0022.45  0.0022.47  0.0022.48  0.0022.50  0.0022.52  0.0022.53  0.0022.55  0.0022.57  0.0022.58  0.0022.60  0.0022.62  0.0022.63  0.0022.65  0.0022.67  0.0022.68  0.0022.70  0.0022.72  0.0022.73  0.0022.75  0.0022.77  0.0022.78  0.0022.80  0.0022.82  0.0022.83  0.0022.85  0.0022.87  0.0022.88  0.0022.90  0.0022.92  0.0022.93  0.0022.95  0.0022.97  0.0022.98  0.0023.00  0.0023.02  0.0023.03  0.0023.05  0.0023.07  0.0023.08  0.0023.10  0.0023.12  0.0023.13  0.0023.15  0.0023.17  0.0023.18  0.0023.20  0.0023.22  0.0023.23  0.0023.25  0.0023.27  0.0023.28  0.0023.30  0.0023.32  0.0023.33  0.0023.35  0.0023.37  0.0023.38  0.0023.40  0.0023.42  0.0023.43  0.0023.45  0.0023.47  0.0023.48  0.0023.50  0.0023.52  0.0023.53  0.0023.55  0.0023.57  0.0023.58  0.0023.60  0.0023.62  0.0023.63  0.0023.65  0.0023.67  0.0023.68  0.0023.70  0.0023.72  0.0023.73  0.0023.75  0.0023.77  0.0023.78  0.0023.80  0.0023.82  0.0023.83  0.0023.85  0.0023.87  0.0023.88  0.0023.90  0.0023.92  0.0023.93  0.0023.95  0.0023.97  0.0023.98  0.00