genericdec
-3.60   40.15
5   9   2015
0.00  0.00
0.02  0.00
0.03  0.00
0.05  0.00
0.07  0.00
0.08  0.00
0.10  0.00
0.12  0.00
0.13  0.00
0.15  0.00
0.17  0.00
0.18  0.00
0.20  0.00
0.22  0.00
0.23  0.00
0.25  0.00
0.27  0.00
0.28  0.00
0.30  0.00
0.32  0.00
0.33  0.00
0.35  0.00
0.37  0.00
0.38  0.00
0.40  0.00
0.42  0.00
0.43  0.00
0.45  0.00
0.47  0.00
0.48  0.00
0.50  0.00
0.52  0.00
0.53  0.00
0.55  0.00
0.57  0.00
0.58  0.00
0.60  0.00
0.62  0.00
0.63  0.00
0.65  0.00
0.67  0.00
0.68  0.00
0.70  0.00
0.72  0.00
0.73  0.00
0.75  0.00
0.77  0.00
0.78  0.00
0.80  0.00
0.82  0.00
0.83  0.00
0.85  0.00
0.87  0.00
0.88  0.00
0.90  0.00
0.92  0.00
0.93  0.00
0.95  0.00
0.97  0.00
0.98  0.00
1.00  0.00
1.02  0.00
1.03  0.00
1.05  0.00
1.07  0.00
1.08  0.00
1.10  0.00
1.12  0.00
1.13  0.00
1.15  0.00
1.17  0.00
1.18  0.00
1.20  0.00
1.22  0.00
1.23  0.00
1.25  0.00
1.27  0.00
1.28  0.00
1.30  0.00
1.32  0.00
1.33  0.00
1.35  0.00
1.37  0.00
1.38  0.00
1.40  0.00
1.42  0.00
1.43  0.00
1.45  0.00
1.47  0.00
1.48  0.00
1.50  0.00
1.52  0.00
1.53  0.00
1.55  0.00
1.57  0.00
1.58  0.00
1.60  0.00
1.62  0.00
1.63  0.00
1.65  0.00
1.67  0.00
1.68  0.00
1.70  0.00
1.72  0.00
1.73  0.00
1.75  0.00
1.77  0.00
1.78  0.00
1.80  0.00
1.82  0.00
1.83  0.00
1.85  0.00
1.87  0.00
1.88  0.00
1.90  0.00
1.92  0.00
1.93  0.00
1.95  0.00
1.97  0.00
1.98  0.00
2.00  0.00
2.02  0.00
2.03  0.00
2.05  0.00
2.07  0.00
2.08  0.00
2.10  0.00
2.12  0.00
2.13  0.00
2.15  0.00
2.17  0.00
2.18  0.00
2.20  0.00
2.22  0.00
2.23  0.00
2.25  0.00
2.27  0.00
2.28  0.00
2.30  0.00
2.32  0.00
2.33  0.00
2.35  0.00
2.37  0.00
2.38  0.00
2.40  0.00
2.42  0.00
2.43  0.00
2.45  0.00
2.47  0.00
2.48  0.00
2.50  0.00
2.52  0.00
2.53  0.00
2.55  0.00
2.57  0.00
2.58  0.00
2.60  0.00
2.62  0.00
2.63  0.00
2.65  0.00
2.67  0.00
2.68  0.00
2.70  0.00
2.72  0.00
2.73  0.00
2.75  0.00
2.77  0.00
2.78  0.00
2.80  0.00
2.82  0.00
2.83  0.00
2.85  0.00
2.87  0.00
2.88  0.00
2.90  0.00
2.92  0.00
2.93  0.00
2.95  0.00
2.97  0.00
2.98  0.00
3.00  0.00
3.02  0.00
3.03  0.00
3.05  0.00
3.07  0.00
3.08  0.00
3.10  0.00
3.12  0.00
3.13  0.00
3.15  0.00
3.17  0.00
3.18  0.00
3.20  0.00
3.22  0.00
3.23  0.00
3.25  0.00
3.27  0.00
3.28  0.00
3.30  0.00
3.32  0.00
3.33  0.00
3.35  0.00
3.37  0.00
3.38  0.00
3.40  0.00
3.42  0.00
3.43  0.00
3.45  0.00
3.47  0.00
3.48  0.00
3.50  0.00
3.52  0.00
3.53  0.00
3.55  0.00
3.57  0.00
3.58  0.00
3.60  0.00
3.62  0.00
3.63  0.00
3.65  0.00
3.67  0.00
3.68  0.00
3.70  0.00
3.72  0.00
3.73  0.00
3.75  0.00
3.77  0.00
3.78  0.00
3.80  0.00
3.82  0.00
3.83  0.00
3.85  0.00
3.87  0.00
3.88  0.00
3.90  0.00
3.92  0.00
3.93  0.00
3.95  0.00
3.97  0.00
3.98  0.00
4.00  0.00
4.02  0.00
4.03  0.00
4.05  0.00
4.07  0.00
4.08  0.00
4.10  0.00
4.12  0.00
4.13  0.00
4.15  0.00
4.17  0.00
4.18  0.00
4.20  0.00
4.22  0.00
4.23  0.00
4.25  0.00
4.27  0.00
4.28  0.00
4.30  0.00
4.32  0.00
4.33  0.00
4.35  0.00
4.37  0.00
4.38  0.00
4.40  0.00
4.42  0.00
4.43  0.00
4.45  0.00
4.47  0.00
4.48  0.00
4.50  0.00
4.52  0.00
4.53  0.00
4.55  0.00
4.57  0.00
4.58  0.00
4.60  0.00
4.62  0.00
4.63  0.00
4.65  0.00
4.67  0.00
4.68  0.00
4.70  0.00
4.72  0.00
4.73  0.00
4.75  0.00
4.77  0.00
4.78  0.00
4.80  0.00
4.82  0.00
4.83  0.00
4.85  0.00
4.87  0.00
4.88  0.00
4.90  0.00
4.92  0.00
4.93  0.00
4.95  0.00
4.97  0.00
4.98  0.00
5.00  0.00
5.02  0.00
5.03  0.00
5.05  0.00
5.07  0.00
5.08  0.00
5.10  0.00
5.12  0.00
5.13  0.00
5.15  0.00
5.17  0.00
5.18  0.00
5.20  0.00
5.22  0.00
5.23  0.01
5.25  0.01
5.27  0.01
5.28  0.02
5.30  0.03
5.32  0.04
5.33  0.06
5.35  0.07
5.37  0.09
5.38  0.11
5.40  0.13
5.42  0.16
5.43  0.18
5.45  0.21
5.47  0.25
5.48  0.28
5.50  0.32
5.52  0.36
5.53  0.40
5.55  0.45
5.57  0.50
5.58  0.54
5.60  0.59
5.62  0.63
5.63  0.68
5.65  0.73
5.67  0.77
5.68  0.82
5.70  0.86
5.72  0.90
5.73  0.96
5.75  1.01
5.77  1.06
5.78  1.11
5.80  1.15
5.82  1.20
5.83  1.25
5.85  1.31
5.87  1.36
5.88  1.43
5.90  1.51
5.92  1.59
5.93  1.64
5.95  1.67
5.97  1.66
5.98  1.65
6.00  1.69
6.02  1.74
6.03  1.78
6.05  1.81
6.07  1.83
6.08  1.95
6.10  1.96
6.12  1.94
6.13  2.00
6.15  2.13
6.17  2.22
6.18  2.27
6.20  2.31
6.22  2.41
6.23  2.43
6.25  2.28
6.27  2.24
6.28  2.23
6.30  2.29
6.32  2.50
6.33  2.69
6.35  2.75
6.37  2.86
6.38  2.92
6.40  2.93
6.42  3.03
6.43  3.08
6.45  3.01
6.47  2.99
6.48  2.98
6.48  2.97
6.50  3.01
6.52  3.05
6.53  3.02
6.55  3.00
6.57  3.02
6.58  3.04
6.60  3.05
6.62  3.06
6.63  3.05
6.65  3.03
6.67  2.97
6.68  2.92
6.70  2.93
6.72  2.94
6.73  3.06
6.75  3.20
6.77  3.34
6.78  3.35
6.80  3.31
6.82  3.26
6.83  3.13
6.85  3.06
6.87  3.08
6.88  3.14
6.90  3.16
6.92  3.21
6.93  3.26
6.95  3.33
6.97  3.40
6.98  3.40
7.00  3.47
7.02  3.37
7.03  3.26
7.05  3.15
7.07  3.09
7.08  3.11
7.10  3.24
7.12  3.31
7.13  3.36
7.15  3.37
7.17  3.35
7.18  3.43
7.20  3.44
7.22  3.42
7.23  3.41
7.25  3.34
7.27  3.30
7.28  3.23
7.30  3.20
7.32  3.19
7.33  3.25
7.35  3.20
7.37  3.15
7.38  3.13
7.40  3.21
7.42  3.23
7.43  3.23
7.45  3.24
7.47  3.26
7.48  3.29
7.50  3.33
7.52  3.35
7.53  3.41
7.55  3.49
7.57  3.53
7.58  3.49
7.60  3.35
7.62  3.27
7.63  3.22
7.65  3.26
7.67  3.33
7.68  3.35
7.70  3.35
7.72  3.32
7.73  3.33
7.75  3.39
7.77  3.45
7.78  3.50
7.80  3.53
7.82  3.54
7.83  3.57
7.85  3.59
7.87  3.58
7.88  3.57
7.90  3.57
7.92  3.56
7.93  3.55
7.95  3.53
7.97  3.52
7.98  3.51
8.00  3.47
8.02  3.47
8.03  3.43
8.05  3.45
8.07  3.48
8.08  3.47
8.10  3.47
8.12  3.44
8.13  3.47
8.15  3.41
8.17  3.37
8.18  3.39
8.20  3.37
8.22  3.26
8.23  3.25
8.25  3.23
8.27  3.18
8.28  3.22
8.30  3.32
8.32  3.40
8.33  3.42
8.35  3.42
8.37  3.41
8.38  3.39
8.40  3.37
8.42  3.36
8.43  3.37
8.45  3.39
8.47  3.39
8.48  3.41
8.50  3.42
8.52  3.43
8.53  3.43
8.55  3.44
8.57  3.44
8.58  3.44
8.60  3.45
8.62  3.45
8.63  3.44
8.65  3.43
8.67  3.43
8.68  3.43
8.70  3.43
8.72  3.44
8.73  3.45
8.75  3.46
8.77  3.49
8.78  3.53
8.80  3.57
8.82  3.60
8.83  3.62
8.85  3.62
8.87  3.61
8.88  3.59
8.90  3.56
8.92  3.50
8.93  3.45
8.95  3.45
8.97  3.47
8.98  3.50
9.00  3.53
9.02  3.59
9.03  3.67
9.05  3.87
9.07  4.10
9.08  4.09
9.10  4.13
9.12  4.14
9.13  4.13
9.15  4.13
9.17  4.10
9.18  4.08
9.20  4.09
9.22  4.13
9.23  4.15
9.25  4.13
9.27  4.13
9.28  4.13
9.30  4.13
9.32  4.11
9.33  4.12
9.35  4.09
9.37  4.10
9.38  4.10
9.40  4.10
9.42  4.12
9.43  4.13
9.45  4.12
9.47  4.11
9.48  4.11
9.50  4.10
9.52  4.08
9.53  4.09
9.55  4.09
9.57  4.10
9.58  4.09
9.60  4.10
9.62  4.12
9.63  4.10
9.65  4.10
9.67  4.07
9.68  4.06
9.70  4.08
9.72  4.07
9.73  4.09
9.75  4.08
9.77  4.10
9.78  4.10
9.80  4.11
9.82  4.12
9.83  4.13
9.85  4.14
9.87  4.14
9.88  4.12
9.90  4.13
9.92  4.13
9.93  4.14
9.95  4.14
9.97  4.14
9.98  4.14
10.00  4.13
10.02  4.13
10.03  4.13
10.05  4.13
10.07  4.14
10.08  4.14
10.10  4.12
10.12  4.14
10.13  4.16
10.15  4.16
10.17  4.16
10.18  4.17
10.20  4.17
10.22  4.17
10.23  4.18
10.25  4.18
10.27  4.18
10.28  4.15
10.30  4.11
10.32  4.14
10.33  4.17
10.35  4.14
10.37  4.13
10.38  4.14
10.40  4.16
10.42  4.16
10.43  4.15
10.45  4.12
10.47  4.13
10.48  4.17
10.50  4.18
10.52  4.18
10.53  4.17
10.55  4.18
10.57  4.16
10.58  4.12
10.60  4.11
10.62  4.13
10.63  4.04
10.65  3.74
10.67  3.59
10.68  3.58
10.70  3.56
10.72  3.56
10.73  3.56
10.75  3.55
10.77  3.54
10.78  3.53
10.80  3.51
10.82  3.51
10.83  3.49
10.85  3.49
10.87  3.48
10.88  3.48
10.90  3.47
10.92  3.47
10.93  3.47
10.95  3.46
10.97  3.45
10.98  3.45
11.00  3.46
11.02  3.46
11.03  3.45
11.05  3.45
11.07  3.46
11.08  3.46
11.10  3.45
11.12  3.45
11.13  3.45
11.15  3.45
11.17  3.45
11.18  3.44
11.20  3.44
11.22  3.45
11.23  3.46
11.25  3.46
11.27  3.46
11.28  3.45
11.30  3.44
11.32  3.45
11.33  3.45
11.35  3.44
11.37  3.46
11.38  3.45
11.40  3.47
11.42  3.47
11.43  3.47
11.45  3.47
11.47  3.47
11.48  3.47
11.50  3.46
11.52  3.45
11.53  3.46
11.55  3.47
11.57  3.48
11.58  3.47
11.60  3.47
11.62  3.48
11.63  3.50
11.65  3.51
11.67  3.51
11.68  3.53
11.70  3.54
11.72  3.54
11.73  3.56
11.75  3.57
11.77  3.58
11.78  3.59
11.80  3.61
11.82  3.63
11.83  3.63
11.85  3.62
11.87  3.61
11.88  3.59
11.90  3.58
11.92  3.58
11.93  3.58
11.95  3.59
11.97  3.60
11.98  3.59
12.00  3.58
12.02  3.59
12.03  3.60
12.05  3.60
12.07  3.60
12.08  3.59
12.10  3.58
12.12  3.57
12.13  3.56
12.15  3.56
12.17  3.55
12.18  3.54
12.20  3.53
12.22  3.52
12.23  3.52
12.25  3.51
12.27  3.51
12.28  3.50
12.30  3.49
12.32  3.49
12.33  3.50
12.35  3.50
12.37  3.50
12.38  3.51
12.40  3.52
12.42  3.52
12.43  3.51
12.45  3.52
12.47  3.54
12.48  3.55
12.50  3.55
12.52  3.54
12.53  3.53
12.55  3.52
12.57  3.51
12.58  3.49
12.60  3.48
12.62  3.47
12.63  3.47
12.65  3.47
12.67  3.46
12.68  3.46
12.70  3.46
12.72  3.46
12.73  3.45
12.75  3.45
12.77  3.46
12.78  3.46
12.80  3.45
12.82  3.44
12.83  3.43
12.85  3.42
12.87  3.40
12.88  3.38
12.90  3.34
12.92  3.32
12.93  3.33
12.95  3.34
12.97  3.34
12.98  3.33
13.00  3.30
13.02  3.29
13.03  3.30
13.05  3.33
13.07  3.36
13.08  3.37
13.10  3.38
13.12  3.39
13.13  3.41
13.15  3.42
13.17  3.44
13.18  3.45
13.20  3.46
13.22  3.46
13.23  3.46
13.25  3.45
13.27  3.43
13.28  3.40
13.30  3.39
13.32  3.38
13.33  3.36
13.35  3.33
13.37  3.30
13.38  3.28
13.40  3.26
13.42  3.24
13.43  3.21
13.45  3.21
13.47  3.21
13.48  3.23
13.50  3.23
13.52  3.21
13.53  3.22
13.55  3.24
13.57  3.30
13.58  3.35
13.60  3.38
13.62  3.38
13.63  3.35
13.65  3.35
13.67  3.35
13.68  3.34
13.70  3.33
13.72  3.33
13.73  3.35
13.75  3.31
13.77  3.27
13.78  3.26
13.80  3.26
13.82  3.23
13.83  3.22
13.85  3.23
13.87  3.25
13.88  3.28
13.90  3.31
13.92  3.33
13.93  3.38
13.95  3.41
13.97  3.43
13.98  3.45
14.00  3.46
14.02  3.47
14.03  3.46
14.05  3.46
14.07  3.45
14.08  3.44
14.10  3.41
14.12  3.39
14.13  3.37
14.15  3.34
14.17  3.32
14.18  3.29
14.20  3.28
14.22  3.26
14.23  3.25
14.25  3.24
14.27  3.22
14.28  3.20
14.30  3.19
14.32  3.18
14.33  3.15
14.35  3.12
14.37  3.09
14.38  3.09
14.40  3.08
14.42  3.09
14.43  3.09
14.45  3.09
14.47  3.07
14.48  3.05
14.50  3.04
14.52  3.04
14.53  3.06
14.55  3.06
14.57  3.05
14.58  3.06
14.60  3.05
14.62  3.04
14.63  3.04
14.65  3.04
14.67  3.04
14.68  3.05
14.70  3.08
14.72  3.12
14.73  3.15
14.75  3.21
14.77  3.24
14.78  3.28
14.80  3.30
14.82  3.31
14.83  3.28
14.85  3.25
14.87  3.24
14.88  3.24
14.90  3.23
14.92  3.21
14.93  3.18
14.95  3.14
14.97  3.13
14.98  3.11
15.00  3.09
15.02  3.07
15.03  3.05
15.05  3.01
15.07  2.97
15.08  2.95
15.10  2.93
15.12  2.90
15.13  2.88
15.15  2.85
15.17  2.83
15.18  2.84
15.20  2.89
15.22  2.92
15.23  2.93
15.25  2.94
15.27  2.97
15.28  3.00
15.30  3.02
15.32  3.02
15.33  3.00
15.35  2.99
15.37  2.98
15.38  2.95
15.40  2.91
15.42  2.85
15.43  2.82
15.45  2.81
15.47  2.81
15.48  2.85
15.50  2.90
15.52  2.94
15.53  2.95
15.55  2.93
15.57  2.91
15.58  2.89
15.60  2.87
15.62  2.82
15.63  2.78
15.65  2.73
15.67  2.72
15.68  2.71
15.70  2.67
15.72  2.67
15.73  2.70
15.75  2.72
15.77  2.77
15.78  2.82
15.80  2.87
15.82  2.89
15.83  2.89
15.85  2.90
15.87  2.91
15.88  2.89
15.90  2.87
15.92  2.83
15.93  2.79
15.95  2.76
15.97  2.75
15.98  2.73
16.00  2.74
16.02  2.74
16.03  2.73
16.05  2.72
16.07  2.70
16.08  2.68
16.10  2.66
16.12  2.66
16.13  2.68
16.15  2.69
16.17  2.69
16.18  2.69
16.20  2.68
16.22  2.67
16.23  2.67
16.25  2.66
16.27  2.65
16.28  2.65
16.30  2.66
16.32  2.67
16.33  2.69
16.35  2.70
16.37  2.71
16.38  2.73
16.40  2.73
16.42  2.74
16.43  2.74
16.45  2.76
16.47  2.79
16.48  2.85
16.50  2.94
16.52  2.87
16.53  2.82
16.55  2.75
16.57  2.72
16.58  2.71
16.60  2.70
16.62  2.68
16.63  2.66
16.65  2.65
16.67  2.64
16.68  2.63
16.70  2.62
16.72  2.60
16.73  2.60
16.75  2.61
16.77  2.63
16.78  2.64
16.80  2.65
16.82  2.65
16.83  2.64
16.85  2.64
16.87  2.63
16.88  2.62
16.90  2.59
16.92  2.56
16.93  2.53
16.95  2.51
16.97  2.49
16.98  2.48
17.00  2.47
17.02  2.45
17.03  2.43
17.05  2.42
17.07  2.43
17.08  2.45
17.10  2.46
17.12  2.48
17.13  2.50
17.15  2.49
17.17  2.47
17.18  2.43
17.20  2.40
17.22  2.36
17.23  2.34
17.25  2.32
17.27  2.31
17.28  2.30
17.30  2.29
17.32  2.27
17.33  2.25
17.35  2.23
17.37  2.21
17.38  2.19
17.40  2.18
17.42  2.17
17.43  2.17
17.45  2.17
17.47  2.16
17.48  2.14
17.50  2.12
17.52  2.09
17.53  2.06
17.55  2.04
17.57  2.01
17.58  1.98
17.60  1.94
17.62  1.91
17.63  1.88
17.65  1.86
17.67  1.84
17.68  1.82
17.70  1.82
17.72  1.82
17.73  1.82
17.75  1.81
17.77  1.81
17.78  1.80
17.80  1.79
17.82  1.78
17.83  1.75
17.85  1.73
17.87  1.70
17.88  1.66
17.90  1.61
17.92  1.57
17.93  1.52
17.95  1.49
17.97  1.44
17.98  1.41
18.00  1.38
18.02  1.36
18.03  1.35
18.05  1.34
18.07  1.33
18.08  1.31
18.10  1.30
18.12  1.27
18.13  1.23
18.15  1.19
18.17  1.15
18.18  1.10
18.20  1.06
18.22  1.02
18.23  1.00
18.25  0.97
18.27  0.95
18.28  0.93
18.30  0.91
18.32  0.89
18.33  0.87
18.35  0.84
18.37  0.81
18.38  0.76
18.40  0.71
18.42  0.68
18.43  0.65
18.45  0.63
18.47  0.61
18.48  0.57
18.50  0.53
18.52  0.49
18.53  0.45
18.55  0.41
18.57  0.38
18.58  0.34
18.60  0.29
18.62  0.25
18.63  0.21
18.65  0.19
18.67  0.17
18.68  0.16
18.70  0.14
18.72  0.13
18.73  0.11
18.75  0.10
18.77  0.09
18.78  0.07
18.80  0.06
18.82  0.05
18.83  0.04
18.85  0.03
18.87  0.03
18.88  0.02
18.90  0.01
18.92  0.01
18.93  0.01
18.95  0.00
18.97  0.00
18.98  0.00
19.00  0.00
19.02  0.00
19.03  0.00
19.05  0.00
19.07  0.00
19.08  0.00
19.10  0.00
19.12  0.00
19.13  0.00
19.15  0.00
19.17  0.00
19.18  0.00
19.20  0.00
19.22  0.00
19.23  0.00
19.25  0.00
19.27  0.00
19.28  0.00
19.30  0.00
19.32  0.00
19.33  0.00
19.35  0.00
19.37  0.00
19.38  0.00
19.40  0.00
19.42  0.00
19.43  0.00
19.45  0.00
19.47  0.00
19.48  0.00
19.50  0.00
19.52  0.00
19.53  0.00
19.55  0.00
19.57  0.00
19.58  0.00
19.60  0.00
19.62  0.00
19.63  0.00
19.65  0.00
19.67  0.00
19.68  0.00
19.70  0.00
19.72  0.00
19.73  0.00
19.75  0.00
19.77  0.00
19.78  0.00
19.80  0.00
19.82  0.00
19.83  0.00
19.85  0.00
19.87  0.00
19.88  0.00
19.90  0.00
19.92  0.00
19.93  0.00
19.95  0.00
19.97  0.00
19.98  0.00
20.00  0.00
20.02  0.00
20.03  0.00
20.05  0.00
20.07  0.00
20.08  0.00
20.10  0.00
20.12  0.00
20.13  0.00
20.15  0.00
20.17  0.00
20.18  0.00
20.20  0.00
20.22  0.00
20.23  0.00
20.25  0.00
20.27  0.00
20.28  0.00
20.30  0.00
20.32  0.00
20.33  0.00
20.33  0.00
20.35  0.00
20.37  0.00
20.38  0.00
20.40  0.00
20.42  0.00
20.43  0.00
20.45  0.00
20.47  0.00
20.48  0.00
20.50  0.00
20.52  0.00
20.53  0.00
20.55  0.00
20.57  0.00
20.58  0.00
20.60  0.00
20.62  0.00
20.63  0.00
20.65  0.00
20.67  0.00
20.68  0.00
20.70  0.00
20.72  0.00
20.73  0.00
20.75  0.00
20.77  0.00
20.78  0.00
20.80  0.00
20.82  0.00
20.83  0.00
20.85  0.00
20.87  0.00
20.88  0.00
20.90  0.00
20.92  0.00
20.93  0.00
20.95  0.00
20.97  0.00
20.98  0.00
21.00  0.00
21.02  0.00
21.03  0.00
21.05  0.00
21.07  0.00
21.08  0.00
21.10  0.00
21.12  0.00
21.13  0.00
21.15  0.00
21.17  0.00
21.18  0.00
21.20  0.00
21.22  0.00
21.23  0.00
21.25  0.00
21.27  0.00
21.28  0.00
21.30  0.00
21.32  0.00
21.33  0.00
21.35  0.00
21.37  0.00
21.38  0.00
21.40  0.00
21.42  0.00
21.43  0.00
21.45  0.00
21.47  0.00
21.48  0.00
21.50  0.00
21.52  0.00
21.53  0.00
21.55  0.00
21.57  0.00
21.58  0.00
21.60  0.00
21.62  0.00
21.63  0.00
21.65  0.00
21.67  0.00
21.68  0.00
21.70  0.00
21.72  0.00
21.73  0.00
21.75  0.00
21.77  0.00
21.78  0.00
21.80  0.00
21.82  0.00
21.83  0.00
21.85  0.00
21.87  0.00
21.88  0.00
21.90  0.00
21.92  0.00
21.93  0.00
21.95  0.00
21.97  0.00
21.98  0.00
22.00  0.00
22.02  0.00
22.03  0.00
22.05  0.00
22.07  0.00
22.08  0.00
22.10  0.00
22.12  0.00
22.13  0.00
22.15  0.00
22.17  0.00
22.18  0.00
22.20  0.00
22.22  0.00
22.23  0.00
22.25  0.00
22.27  0.00
22.28  0.00
22.30  0.00
22.32  0.00
22.33  0.00
22.35  0.00
22.37  0.00
22.38  0.00
22.40  0.00
22.42  0.00
22.43  0.00
22.45  0.00
22.47  0.00
22.48  0.00
22.50  0.00
22.52  0.00
22.53  0.00
22.55  0.00
22.57  0.00
22.58  0.00
22.60  0.00
22.62  0.00
22.63  0.00
22.65  0.00
22.67  0.00
22.68  0.00
22.70  0.00
22.72  0.00
22.73  0.00
22.75  0.00
22.77  0.00
22.78  0.00
22.80  0.00
22.82  0.00
22.83  0.00
22.85  0.00
22.87  0.00
22.88  0.00
22.90  0.00
22.92  0.00
22.93  0.00
22.95  0.00
22.97  0.00
22.98  0.00
23.00  0.00
23.02  0.00
23.03  0.00
23.05  0.00
23.07  0.00
23.08  0.00
23.10  0.00
23.12  0.00
23.13  0.00
23.15  0.00
23.17  0.00
23.18  0.00
23.20  0.00
23.22  0.00
23.23  0.00
23.25  0.00
23.27  0.00
23.28  0.00
23.30  0.00
23.32  0.00
23.33  0.00
23.35  0.00
23.37  0.00
23.38  0.00
23.40  0.00
23.42  0.00
23.43  0.00
23.45  0.00
23.47  0.00
23.48  0.00
23.50  0.00
23.52  0.00
23.53  0.00
23.55  0.00
23.57  0.00
23.58  0.00
23.60  0.00
23.62  0.00
23.63  0.00
23.65  0.00
23.67  0.00
23.68  0.00
23.70  0.00
23.72  0.00
23.73  0.00
23.75  0.00
23.77  0.00
23.78  0.00
23.80  0.00
23.82  0.00
23.83  0.00
23.85  0.00
23.87  0.00
23.88  0.00
23.90  0.00
23.92  0.00
23.93  0.00
23.95  0.00
23.97  0.00
23.98  0.00
