genericdec-3.60   40.155   5   20150.00  0.000.02  0.000.03  0.000.05  0.000.07  0.000.08  0.000.10  0.000.12  0.000.13  0.000.15  0.000.17  0.000.18  0.000.20  0.000.22  0.000.23  0.000.25  0.000.27  0.000.28  0.000.30  0.000.32  0.000.33  0.000.35  0.000.37  0.000.38  0.000.40  0.000.42  0.000.43  0.000.45  0.000.47  0.000.48  0.000.50  0.000.52  0.000.53  0.000.55  0.000.57  0.000.58  0.000.60  0.000.62  0.000.63  0.000.65  0.000.67  0.000.68  0.000.70  0.000.72  0.000.73  0.000.75  0.000.77  0.000.78  0.000.80  0.000.82  0.000.83  0.000.85  0.000.87  0.000.88  0.000.90  0.000.92  0.000.93  0.000.95  0.000.97  0.000.98  0.001.00  0.001.02  0.001.03  0.001.05  0.001.07  0.001.08  0.001.10  0.001.12  0.001.13  0.001.15  0.001.17  0.001.18  0.001.20  0.001.22  0.001.23  0.001.25  0.001.27  0.001.28  0.001.30  0.001.32  0.001.33  0.001.35  0.001.37  0.001.38  0.001.40  0.001.42  0.001.43  0.001.45  0.001.47  0.001.48  0.001.50  0.001.52  0.001.53  0.001.55  0.001.57  0.001.58  0.001.60  0.001.62  0.001.63  0.001.65  0.001.67  0.001.68  0.001.70  0.001.72  0.001.73  0.001.75  0.001.77  0.001.78  0.001.80  0.001.82  0.001.83  0.001.85  0.001.87  0.001.88  0.001.90  0.001.92  0.001.93  0.001.95  0.001.97  0.001.98  0.002.00  0.002.02  0.002.03  0.002.05  0.002.07  0.002.08  0.002.10  0.002.12  0.002.13  0.002.15  0.002.17  0.002.18  0.002.20  0.002.22  0.002.23  0.002.25  0.002.27  0.002.28  0.002.30  0.002.32  0.002.33  0.002.35  0.002.37  0.002.38  0.002.40  0.002.42  0.002.43  0.002.45  0.002.47  0.002.48  0.002.50  0.002.52  0.002.53  0.002.55  0.002.57  0.002.58  0.002.60  0.002.62  0.002.63  0.002.65  0.002.67  0.002.68  0.002.70  0.002.72  0.002.73  0.002.75  0.002.77  0.002.78  0.002.80  0.002.82  0.002.83  0.002.85  0.002.87  0.002.88  0.002.90  0.002.92  0.002.93  0.002.95  0.002.97  0.002.98  0.003.00  0.003.02  0.003.03  0.003.05  0.003.07  0.003.08  0.003.10  0.003.12  0.003.13  0.003.15  0.003.17  0.003.18  0.003.20  0.003.22  0.003.23  0.003.25  0.003.27  0.003.28  0.003.30  0.003.32  0.003.33  0.003.35  0.003.37  0.003.38  0.003.40  0.003.42  0.003.43  0.003.45  0.003.47  0.003.48  0.003.50  0.003.52  0.003.53  0.003.55  0.003.57  0.003.58  0.003.60  0.003.62  0.003.63  0.003.65  0.003.67  0.003.68  0.003.70  0.003.72  0.003.73  0.003.75  0.003.77  0.003.78  0.003.80  0.003.82  0.003.83  0.003.85  0.003.87  0.003.88  0.003.90  0.003.92  0.003.93  0.003.95  0.003.97  0.003.98  0.004.00  0.004.02  0.004.03  0.004.05  0.004.07  0.004.08  0.004.08  0.004.10  0.004.12  0.004.13  0.004.15  0.004.17  0.004.18  0.004.20  0.004.22  0.004.23  0.004.25  0.004.27  0.004.28  0.004.30  0.004.32  0.004.33  0.004.35  0.004.37  0.004.38  0.004.40  0.004.42  0.004.43  0.004.45  0.004.47  0.004.48  0.004.50  0.004.52  0.004.53  0.004.55  0.004.57  0.004.58  0.004.60  0.004.62  0.004.63  0.004.65  0.004.67  0.004.68  0.00
4.70  0.01
4.72  0.02
4.73  0.02
4.75  0.03
4.77  0.04
4.78  0.06
4.80  0.07
4.82  0.09
4.83  0.10
4.85  0.12
4.87  0.14
4.88  0.16
4.90  0.19
4.92  0.22
4.93  0.25
4.95  0.28
4.97  0.30
4.98  0.31
5.00  0.33
5.02  0.35
5.03  0.37
5.05  0.39
5.07  0.42
5.08  0.46
5.10  0.49
5.12  0.54
5.13  0.58
5.15  0.62
5.17  0.65
5.18  0.68
5.20  0.71
5.22  0.74
5.23  0.79
5.25  0.85
5.27  0.92
5.28  1.00
5.30  1.08
5.32  1.13
5.33  1.17
5.35  1.19
5.37  1.21
5.38  1.25
5.40  1.29
5.42  1.33
5.43  1.36
5.45  1.39
5.47  1.41
5.48  1.46
5.50  1.53
5.52  1.68
5.53  1.81
5.55  1.86
5.57  1.86
5.58  1.83
5.60  1.84
5.62  1.90
5.63  1.96
5.65  2.01
5.67  2.03
5.68  2.04
5.70  2.04
5.72  2.09
5.73  2.19
5.75  2.10
5.77  2.10
5.78  2.16
5.80  2.21
5.82  2.20
5.83  2.21
5.85  2.23
5.87  2.37
5.88  2.42
5.90  2.24
5.92  2.26
5.93  2.32
5.95  2.34
5.97  2.33
5.98  2.32
6.00  2.30
6.02  2.31
6.03  2.33
6.05  2.34
6.07  2.36
6.08  2.39
6.10  2.43
6.12  2.44
6.13  2.45
6.15  2.49
6.17  2.56
6.18  2.77
6.20  2.75
6.22  2.66
6.23  2.67
6.25  2.66
6.27  2.64
6.28  2.63
6.30  2.64
6.32  2.64
6.33  2.67
6.35  2.69
6.37  2.71
6.38  2.72
6.40  2.72
6.42  2.73
6.43  2.77
6.45  2.83
6.47  2.88
6.48  2.93
6.50  2.96
6.52  2.97
6.53  2.97
6.55  2.99
6.57  3.01
6.58  3.05
6.60  3.09
6.62  3.11
6.63  3.12
6.65  3.15
6.67  3.19
6.68  3.23
6.70  3.24
6.72  3.25
6.73  3.27
6.75  3.30
6.77  3.27
6.78  3.28
6.80  3.43
6.82  3.31
6.83  3.12
6.85  3.12
6.87  3.20
6.88  3.35
6.90  3.36
6.92  3.40
6.93  3.70
6.95  3.67
6.97  3.77
6.98  3.74
7.00  3.65
7.02  3.54
7.03  3.58
7.05  3.89
7.07  3.82
7.08  3.87
7.10  3.82
7.12  3.86
7.13  4.04
7.15  4.05
7.17  3.97
7.18  3.86
7.20  3.91
7.22  3.90
7.23  3.88
7.25  3.87
7.27  3.73
7.28  3.79
7.30  3.65
7.32  3.64
7.33  3.67
7.35  3.79
7.37  3.88
7.38  3.88
7.40  3.91
7.42  3.68
7.43  3.55
7.45  3.61
7.47  3.76
7.48  3.71
7.50  3.59
7.52  3.61
7.53  3.76
7.55  3.74
7.57  3.72
7.58  3.67
7.60  3.61
7.62  3.64
7.63  3.60
7.65  3.66
7.67  3.81
7.68  3.88
7.70  4.01
7.72  3.91
7.73  3.79
7.75  3.89
7.77  3.76
7.78  3.73
7.80  3.75
7.82  3.84
7.83  3.75
7.85  3.74
7.87  3.98
7.88  4.00
7.90  4.04
7.92  4.02
7.93  3.95

7.95  3.86

7.97  4.07

7.98  3.81

8.00  4.11

8.02  3.94

8.03  3.99

8.05  4.11

8.07  4.15

8.08  4.16
8.10  4.14
8.12  4.04
8.13  3.98
8.15  3.88
8.17  3.89
8.18  3.83
8.20  3.98
8.22  3.93
8.23  3.86
8.25  3.90
8.27  3.92
8.28  4.07
8.30  4.08
8.32  4.01
8.33  4.06
8.35  4.09
8.37  4.07
8.38  4.04
8.40  4.06
8.42  4.08
8.43  4.10
8.45  4.15
8.47  4.13
8.48  4.13
8.50  4.08
8.52  4.03
8.53  4.07
8.55  4.14
8.57  4.14
8.58  4.13
8.60  4.05
8.62  4.10
8.63  4.08
8.65  4.10
8.67  4.14
8.68  4.15
8.70  4.19
8.72  4.21
8.73  4.20
8.75  4.19
8.77  4.17
8.78  4.19
8.80  4.19
8.82  4.17
8.83  4.17
8.85  4.17
8.87  4.18
8.88  4.18
8.90  4.18
8.92  4.18
8.93  4.20
8.95  4.20
8.97  4.19
8.98  4.19
9.00  4.19
9.02  4.17
9.03  4.16
9.05  4.18
9.07  4.16
9.08  4.17
9.10  4.12
9.12  4.14
9.13  4.15
9.15  4.14
9.17  4.10
9.18  4.09
9.20  4.05
9.22  4.03
9.23  4.05
9.25  4.05
9.27  4.08
9.28  4.12
9.30  4.14
9.32  4.17
9.33  4.18
9.35  4.20
9.37  4.21
9.38  4.24
9.40  4.21
9.42  4.20
9.43  4.20
9.45  4.20
9.47  4.16
9.48  4.14
9.50  4.21
9.52  4.25
9.53  4.26
9.55  4.26
9.57  4.29
9.58  4.25
9.60  4.29
9.62  4.29
9.63  4.28
9.65  4.27
9.67  4.23
9.68  4.24
9.70  4.25
9.72  4.22
9.73  4.21
9.75  4.21
9.77  4.18
9.78  4.20
9.80  4.21
9.82  4.22
9.83  4.21
9.85  4.23
9.87  4.24
9.88  4.20
9.90  4.21
9.92  4.25
9.93  4.27
9.95  4.28
9.97  4.26
9.98  4.28
10.00  4.26
10.02  4.26
10.03  4.27
10.05  4.27
10.07  4.27
10.08  4.27
10.10  4.26
10.12  4.27
10.13  4.27
10.15  4.27
10.17  4.27
10.18  4.24
10.20  4.24
10.22  4.26
10.23  4.23
10.25  4.27
10.27  4.27
10.28  4.26
10.30  4.27
10.32  4.27
10.33  4.27
10.35  4.26
10.37  4.26
10.38  4.27
10.40  4.26
10.42  4.27
10.43  4.26
10.45  4.27
10.47  4.27
10.48  4.27
10.50  4.27
10.52  4.27
10.53  4.27
10.55  4.27
10.57  4.27
10.58  4.27
10.60  4.27
10.62  4.27
10.63  4.27
10.65  4.27
10.67  4.27
10.68  4.27
10.70  4.27
10.72  4.27
10.73  4.27
10.75  4.27
10.77  4.27
10.78  4.27
10.80  4.27
10.82  4.27
10.83  4.27
10.85  4.27
10.87  4.27
10.88  4.27
10.90  4.27
10.92  4.27
10.93  4.27
10.95  4.27
10.97  4.27
10.98  4.27
11.00  4.27
11.02  4.27
11.03  4.27
11.05  4.27
11.07  4.27
11.08  4.27
11.10  4.14
11.12  3.90
11.13  4.28
11.15  4.28
11.17  4.27
11.18  4.26
11.20  4.27
11.22  4.27
11.23  4.27
11.25  4.27
11.27  4.27
11.28  4.27
11.30  4.17
11.32  3.70
11.33  3.33
11.35  3.27
11.37  3.20
11.38  3.17
11.40  3.23
11.42  3.22
11.43  3.19
11.45  3.18
11.47  3.22
11.48  3.24
11.50  3.37
11.52  3.36
11.53  3.33
11.55  3.27
11.57  3.22
11.58  3.24
11.60  3.26
11.62  3.32
11.63  3.45
11.65  3.34
11.67  3.23
11.68  3.17
11.70  3.17
11.72  3.24
11.73  3.27
11.75  3.25
11.77  3.35
11.78  3.39
11.80  3.28
11.82  3.18
11.83  3.17
11.85  3.22
11.87  3.27
11.88  3.23
11.90  3.21
11.92  3.23
11.93  3.22
11.95  3.19
11.97  3.18
11.98  3.17
12.00  3.18
12.02  3.21
12.03  3.25
12.05  3.32
12.07  3.30
12.08  3.38
12.10  3.51
12.12  3.57
12.13  3.50
12.15  3.40
12.17  3.33
12.18  3.34
12.20  3.41
12.22  3.54
12.23  3.56
12.25  3.53
12.27  3.48
12.28  3.44
12.30  3.43
12.32  3.42
12.33  3.43
12.35  3.37
12.37  3.31
12.38  3.32
12.40  3.29
12.42  3.26
12.43  3.37
12.45  3.40
12.47  3.33
12.48  3.13
12.50  3.00
12.52  3.03
12.53  3.14
12.55  3.37
12.57  3.34
12.58  3.20
12.60  3.12
12.62  3.07
12.63  3.06
12.65  3.08
12.67  3.11
12.68  3.09
12.70  3.10
12.72  3.10
12.73  3.07
12.75  3.02
12.77  3.02
12.78  3.01
12.80  3.00
12.82  2.94
12.83  2.88
12.85  2.83
12.87  2.81
12.88  2.80
12.90  2.80
12.92  2.78
12.93  2.78
12.95  2.78
12.97  2.78
12.98  2.79
13.00  2.78
13.02  2.78
13.03  2.79
13.05  2.79
13.07  2.77
13.08  2.77
13.10  2.77
13.12  2.76
13.13  2.76
13.15  2.79
13.17  2.79
13.18  2.82
13.20  2.83
13.22  2.85
13.23  2.87
13.25  2.85
13.27  2.87
13.28  2.86
13.30  2.81
13.32  2.80
13.33  2.80
13.35  2.79
13.37  2.78
13.38  2.78
13.40  2.80
13.42  2.81
13.43  2.81
13.45  2.78
13.47  2.83
13.48  2.89
13.50  3.03
13.52  3.21
13.53  3.21
13.55  3.18
13.57  3.16
13.58  3.10
13.60  3.05
13.62  3.05
13.63  3.04
13.65  3.01
13.67  2.94
13.68  2.88
13.70  2.84
13.72  2.83
13.73  2.87
13.75  2.86
13.77  2.83
13.78  2.84
13.80  2.91
13.82  2.96
13.83  3.00
13.85  3.03
13.87  3.05
13.88  3.04
13.90  3.01
13.92  2.95
13.93  2.90
13.95  2.83
13.97  2.86
13.98  2.90
14.00  2.95
14.02  2.93
14.03  2.88
14.05  2.90
14.07  2.96
14.08  2.99
14.10  3.01
14.12  2.99
14.13  2.96
14.15  2.93
14.17  2.90
14.18  2.89
14.20  2.86
14.22  2.82
14.23  2.78
14.25  2.77
14.27  2.81
14.28  2.97
14.30  2.98
14.32  2.86
14.33  2.78
14.35  2.74
14.37  2.74
14.38  2.76
14.40  2.76
14.42  2.76
14.43  2.76
14.45  2.76
14.47  2.76
14.48  2.75
14.50  2.75
14.52  2.75
14.53  2.75
14.55  2.75
14.57  2.75
14.58  2.75
14.60  2.75
14.62  2.75
14.63  2.75
14.65  2.74
14.67  2.75
14.68  2.75
14.70  2.75
14.72  2.76
14.73  2.76
14.75  2.75
14.77  2.74
14.78  2.73
14.80  2.72
14.82  2.72
14.83  2.71
14.85  2.70
14.87  2.70
14.88  2.70
14.90  2.72
14.92  2.72
14.93  2.73
14.95  2.74
14.97  2.75
14.98  2.75
15.00  2.73
15.02  2.73
15.03  2.72
15.05  2.71
15.07  2.70
15.08  2.69
15.10  2.68
15.12  2.66
15.13  2.66
15.15  2.65
15.17  2.65
15.18  2.66
15.20  2.67
15.22  2.66
15.23  2.66
15.25  2.66
15.27  2.69
15.28  2.80
15.30  2.76
15.32  2.68
15.33  2.63
15.35  2.61
15.35  2.61
15.37  2.62
15.38  2.63
15.40  2.62
15.42  2.61
15.43  2.59
15.45  2.58
15.47  2.58
15.48  2.59
15.50  2.62
15.52  2.64
15.53  2.65
15.55  2.65
15.57  2.61
15.58  2.58
15.60  2.57
15.62  2.56
15.63  2.55
15.65  2.55
15.67  2.54
15.68  2.54
15.70  2.54
15.72  2.53
15.73  2.53
15.75  2.53
15.77  2.52
15.78  2.52
15.80  2.52
15.82  2.50
15.83  2.49
15.85  2.50
15.87  2.50
15.88  2.50
15.90  2.50
15.92  2.49
15.93  2.49
15.95  2.49
15.97  2.49
15.98  2.49
16.00  2.46
16.02  2.40
16.03  2.46
16.05  2.48
16.07  2.48
16.08  2.48
16.10  2.49
16.12  2.48
16.13  2.49
16.15  2.49
16.17  2.47
16.18  2.48
16.20  2.47
16.22  2.48
16.23  2.48
16.25  2.47
16.27  2.47
16.28  2.47
16.30  2.47
16.32  2.47
16.33  2.47
16.35  2.47
16.37  2.47
16.38  2.47
16.40  2.47
16.42  2.48
16.43  2.47
16.45  2.47
16.47  2.47
16.48  2.48
16.50  2.48
16.52  2.47
16.53  2.47
16.55  2.49
16.57  2.55
16.58  2.52
16.60  2.46
16.62  2.44
16.63  2.43
16.65  2.43
16.67  2.44
16.68  2.44
16.70  2.44
16.72  2.44
16.73  2.45
16.75  2.46
16.77  2.45
16.78  2.45
16.80  2.44
16.82  2.43
16.83  2.42
16.85  2.42
16.87  2.42
16.88  2.42
16.90  2.42
16.92  2.42
16.93  2.41
16.95  2.41
16.97  2.41
16.98  2.41
17.00  2.40
17.02  2.40
17.03  2.39
17.05  2.39
17.07  2.38
17.08  2.37
17.10  2.36
17.12  2.36
17.13  2.35
17.15  2.35
17.17  2.35
17.18  2.35
17.20  2.35
17.22  2.34
17.23  2.34
17.25  2.34
17.27  2.33
17.28  2.33
17.30  2.33
17.32  2.33
17.33  2.32
17.35  2.32
17.37  2.32
17.38  2.32
17.40  2.31
17.42  2.31
17.43  2.31
17.45  2.30
17.47  2.30
17.48  2.30
17.50  2.29
17.52  2.29
17.53  2.29
17.55  2.29
17.57  2.28
17.58  2.28
17.60  2.28
17.62  2.27
17.63  2.27
17.65  2.26
17.67  2.26
17.68  2.25
17.70  2.25
17.72  2.24
17.73  2.24
17.75  2.23
17.77  2.23
17.78  2.22
17.80  2.22
17.82  2.22
17.83  2.21
17.85  2.21
17.87  2.20
17.88  2.20
17.90  2.19
17.92  2.18
17.93  2.18
17.95  2.17
17.97  2.16
17.98  2.16
18.00  2.15
18.02  2.14
18.03  2.13
18.05  2.13
18.07  2.12
18.08  2.11
18.10  2.10
18.12  2.09
18.13  2.08
18.15  2.07
18.17  2.06
18.18  2.05
18.20  2.04
18.22  2.03
18.23  2.02
18.25  2.01
18.27  2.01
18.28  2.00
18.30  1.99
18.32  1.97
18.33  1.96
18.35  1.95
18.37  1.94
18.38  1.93
18.40  1.92
18.42  1.90
18.43  1.89
18.45  1.88
18.47  1.87
18.48  1.85
18.50  1.84
18.52  1.82
18.53  1.81
18.55  1.79
18.57  1.77
18.58  1.75
18.60  1.74
18.62  1.71
18.63  1.69
18.65  1.67
18.67  1.65
18.68  1.62
18.70  1.60
18.72  1.57
18.73  1.54
18.75  1.51
18.77  1.48
18.78  1.45
18.80  1.41
18.82  1.38
18.83  1.34
18.85  1.31
18.87  1.27
18.88  1.23
18.90  1.19
18.92  1.14
18.93  1.10
18.95  1.05
18.97  1.01
18.98  0.96
19.00  0.92
19.02  0.87
19.03  0.83
19.05  0.78
19.07  0.74
19.08  0.69
19.10  0.65
19.12  0.61
19.13  0.56
19.15  0.52
19.17  0.47
19.18  0.43
19.20  0.39
19.22  0.35
19.23  0.31
19.25  0.28
19.27  0.24
19.28  0.21
19.30  0.18
19.32  0.15
19.33  0.13
19.35  0.11
19.37  0.09
19.38  0.07
19.40  0.06
19.42  0.05
19.43  0.04
19.45  0.03
19.47  0.02
19.48  0.01
19.50  0.01
19.52  0.0019.53  0.0019.55  0.0019.57  0.0019.58  0.0019.60  0.0019.62  0.0019.63  0.0019.65  0.0019.67  0.0019.68  0.0019.70  0.0019.72  0.0019.73  0.0019.75  0.0019.77  0.0019.78  0.0019.80  0.0019.82  0.0019.83  0.0019.85  0.0019.87  0.0019.88  0.0019.90  0.0019.92  0.0019.93  0.0019.95  0.0019.97  0.0019.98  0.0020.00  0.0020.02  0.0020.03  0.0020.05  0.0020.07  0.0020.08  0.0020.10  0.0020.12  0.0020.13  0.0020.15  0.0020.17  0.0020.18  0.0020.20  0.0020.22  0.0020.23  0.0020.25  0.0020.27  0.0020.28  0.0020.30  0.0020.32  0.0020.33  0.0020.35  0.0020.37  0.0020.38  0.0020.40  0.0020.42  0.0020.43  0.0020.45  0.0020.47  0.0020.48  0.0020.50  0.0020.52  0.0020.53  0.0020.55  0.0020.57  0.0020.58  0.0020.60  0.0020.62  0.0020.63  0.0020.65  0.0020.67  0.0020.68  0.0020.70  0.0020.72  0.0020.73  0.0020.75  0.0020.77  0.0020.78  0.0020.80  0.0020.82  0.0020.83  0.0020.85  0.0020.87  0.0020.88  0.0020.90  0.0020.92  0.0020.93  0.0020.95  0.0020.97  0.0020.98  0.0021.00  0.0021.02  0.0021.03  0.0021.05  0.0021.07  0.0021.08  0.0021.10  0.0021.12  0.0021.13  0.0021.15  0.0021.17  0.0021.18  0.0021.20  0.0021.22  0.0021.23  0.0021.25  0.0021.27  0.0021.28  0.0021.30  0.0021.32  0.0021.33  0.0021.35  0.0021.37  0.0021.38  0.0021.40  0.0021.42  0.0021.43  0.0021.45  0.0021.47  0.0021.48  0.0021.50  0.0021.52  0.0021.53  0.0021.55  0.0021.57  0.0021.58  0.0021.60  0.0021.62  0.0021.63  0.0021.65  0.0021.67  0.0021.68  0.0021.70  0.0021.72  0.0021.73  0.0021.75  0.0021.77  0.0021.78  0.0021.80  0.0021.82  0.0021.83  0.0021.85  0.0021.87  0.0021.88  0.0021.90  0.0021.92  0.0021.93  0.0021.95  0.0021.97  0.0021.98  0.0022.00  0.0022.02  0.0022.03  0.0022.05  0.0022.07  0.0022.08  0.0022.10  0.0022.12  0.0022.13  0.0022.15  0.0022.17  0.0022.18  0.0022.20  0.0022.22  0.0022.23  0.0022.25  0.0022.27  0.0022.28  0.0022.30  0.0022.32  0.0022.33  0.0022.35  0.0022.37  0.0022.38  0.0022.40  0.0022.42  0.0022.43  0.0022.45  0.0022.47  0.0022.48  0.0022.50  0.0022.52  0.0022.53  0.0022.55  0.0022.57  0.0022.58  0.0022.60  0.0022.62  0.0022.63  0.0022.65  0.0022.67  0.0022.68  0.0022.70  0.0022.72  0.0022.73  0.0022.75  0.0022.77  0.0022.78  0.0022.80  0.0022.82  0.0022.83  0.0022.85  0.0022.87  0.0022.88  0.0022.90  0.0022.92  0.0022.93  0.0022.95  0.0022.97  0.0022.98  0.0023.00  0.0023.02  0.0023.03  0.0023.05  0.0023.07  0.0023.08  0.0023.10  0.0023.12  0.0023.13  0.0023.15  0.0023.17  0.0023.18  0.0023.20  0.0023.22  0.0023.23  0.0023.25  0.0023.27  0.0023.28  0.0023.30  0.0023.32  0.0023.33  0.0023.35  0.0023.37  0.0023.38  0.0023.40  0.0023.42  0.0023.43  0.0023.45  0.0023.47  0.0023.48  0.0023.50  0.0023.52  0.0023.53  0.0023.55  0.0023.57  0.0023.58  0.0023.60  0.0023.62  0.0023.63  0.0023.65  0.0023.67  0.0023.68  0.0023.70  0.0023.72  0.0023.73  0.0023.75  0.0023.77  0.0023.78  0.0023.80  0.0023.82  0.0023.83  0.0023.85  0.0023.87  0.0023.88  0.0023.90  0.0023.92  0.0023.93  0.0023.95  0.0023.97  0.0023.98  0.00