genericdec
-3.60   40.15
6   9   2015
0.00  0.00
0.02  0.00
0.03  0.00
0.05  0.00
0.07  0.00
0.08  0.00
0.10  0.00
0.12  0.00
0.13  0.00
0.15  0.00
0.17  0.00
0.18  0.00
0.20  0.00
0.22  0.00
0.23  0.00
0.25  0.00
0.27  0.00
0.28  0.00
0.30  0.00
0.32  0.00
0.33  0.00
0.35  0.00
0.37  0.00
0.38  0.00
0.40  0.00
0.42  0.00
0.43  0.00
0.45  0.00
0.47  0.00
0.48  0.00
0.50  0.00
0.52  0.00
0.53  0.00
0.55  0.00
0.57  0.00
0.58  0.00
0.60  0.00
0.62  0.00
0.63  0.00
0.65  0.00
0.67  0.00
0.68  0.00
0.70  0.00
0.72  0.00
0.73  0.00
0.75  0.00
0.77  0.00
0.78  0.00
0.80  0.00
0.82  0.00
0.83  0.00
0.85  0.00
0.87  0.00
0.88  0.00
0.90  0.00
0.92  0.00
0.93  0.00
0.95  0.00
0.97  0.00
0.98  0.00
1.00  0.00
1.02  0.00
1.03  0.00
1.05  0.00
1.07  0.00
1.08  0.00
1.10  0.00
1.12  0.00
1.13  0.00
1.15  0.00
1.17  0.00
1.18  0.00
1.20  0.00
1.22  0.00
1.23  0.00
1.25  0.00
1.27  0.00
1.28  0.00
1.30  0.00
1.32  0.00
1.33  0.00
1.35  0.00
1.37  0.00
1.38  0.00
1.40  0.00
1.42  0.00
1.43  0.00
1.45  0.00
1.47  0.00
1.48  0.00
1.50  0.00
1.52  0.00
1.53  0.00
1.55  0.00
1.57  0.00
1.58  0.00
1.60  0.00
1.62  0.00
1.63  0.00
1.65  0.00
1.67  0.00
1.68  0.00
1.70  0.00
1.72  0.00
1.73  0.00
1.75  0.00
1.77  0.00
1.78  0.00
1.80  0.00
1.82  0.00
1.83  0.00
1.85  0.00
1.87  0.00
1.88  0.00
1.90  0.00
1.92  0.00
1.93  0.00
1.95  0.00
1.97  0.00
1.98  0.00
2.00  0.00
2.02  0.00
2.03  0.00
2.05  0.00
2.07  0.00
2.08  0.00
2.10  0.00
2.12  0.00
2.13  0.00
2.15  0.00
2.17  0.00
2.18  0.00
2.20  0.00
2.22  0.00
2.23  0.00
2.25  0.00
2.27  0.00
2.28  0.00
2.30  0.00
2.32  0.00
2.33  0.00
2.35  0.00
2.37  0.00
2.38  0.00
2.40  0.00
2.42  0.00
2.43  0.00
2.45  0.00
2.47  0.00
2.48  0.00
2.50  0.00
2.52  0.00
2.53  0.00
2.55  0.00
2.57  0.00
2.58  0.00
2.60  0.00
2.62  0.00
2.63  0.00
2.65  0.00
2.67  0.00
2.68  0.00
2.70  0.00
2.72  0.00
2.73  0.00
2.75  0.00
2.77  0.00
2.78  0.00
2.80  0.00
2.82  0.00
2.83  0.00
2.85  0.00
2.87  0.00
2.88  0.00
2.90  0.00
2.92  0.00
2.93  0.00
2.95  0.00
2.97  0.00
2.98  0.00
3.00  0.00
3.02  0.00
3.03  0.00
3.05  0.00
3.07  0.00
3.08  0.00
3.10  0.00
3.12  0.00
3.13  0.00
3.15  0.00
3.17  0.00
3.18  0.00
3.20  0.00
3.22  0.00
3.23  0.00
3.25  0.00
3.27  0.00
3.28  0.00
3.30  0.00
3.32  0.00
3.33  0.00
3.35  0.00
3.37  0.00
3.38  0.00
3.40  0.00
3.42  0.00
3.43  0.00
3.45  0.00
3.47  0.00
3.48  0.00
3.50  0.00
3.52  0.00
3.53  0.00
3.55  0.00
3.57  0.00
3.58  0.00
3.60  0.00
3.62  0.00
3.63  0.00
3.65  0.00
3.67  0.00
3.68  0.00
3.70  0.00
3.72  0.00
3.73  0.00
3.75  0.00
3.77  0.00
3.78  0.00
3.80  0.00
3.82  0.00
3.83  0.00
3.85  0.00
3.87  0.00
3.88  0.00
3.90  0.00
3.92  0.00
3.93  0.00
3.95  0.00
3.97  0.00
3.98  0.00
4.00  0.00
4.02  0.00
4.03  0.00
4.05  0.00
4.07  0.00
4.08  0.00
4.10  0.00
4.12  0.00
4.13  0.00
4.15  0.00
4.17  0.00
4.18  0.00
4.20  0.00
4.22  0.00
4.23  0.00
4.25  0.00
4.27  0.00
4.28  0.00
4.30  0.00
4.32  0.00
4.33  0.00
4.35  0.00
4.37  0.00
4.38  0.00
4.40  0.00
4.42  0.00
4.43  0.00
4.45  0.00
4.47  0.00
4.48  0.00
4.50  0.00
4.52  0.00
4.53  0.00
4.55  0.00
4.57  0.00
4.58  0.00
4.60  0.00
4.62  0.00
4.63  0.00
4.65  0.00
4.67  0.00
4.68  0.00
4.70  0.00
4.72  0.00
4.73  0.00
4.75  0.00
4.77  0.00
4.78  0.00
4.80  0.00
4.82  0.00
4.83  0.00
4.85  0.00
4.87  0.00
4.88  0.00
4.90  0.00
4.92  0.00
4.93  0.00
4.95  0.00
4.97  0.00
4.98  0.00
5.00  0.00
5.02  0.00
5.03  0.00
5.05  0.00
5.07  0.00
5.08  0.00
5.10  0.00
5.12  0.00
5.13  0.00
5.15  0.00
5.17  0.00
5.18  0.00
5.20  0.00
5.22  0.00
5.23  0.01
5.25  0.01
5.27  0.02
5.28  0.03
5.30  0.04
5.32  0.04
5.33  0.06
5.35  0.07
5.37  0.09
5.38  0.11
5.40  0.14
5.42  0.16
5.43  0.19
5.45  0.22
5.47  0.26
5.48  0.30
5.50  0.34
5.52  0.38
5.53  0.43
5.55  0.48
5.57  0.53
5.58  0.58
5.60  0.64
5.62  0.69
5.63  0.75
5.65  0.82
5.67  0.87
5.68  0.93
5.70  0.99
5.72  1.05
5.73  1.11
5.75  1.18
5.77  1.24
5.78  1.31
5.80  1.38
5.82  1.46
5.83  1.53
5.85  1.60
5.87  1.68
5.88  1.75
5.90  1.83
5.92  1.90
5.93  1.97
5.95  2.03
5.97  2.09
5.98  2.15
6.00  2.21
6.02  2.26
6.03  2.31
6.05  2.35
6.07  2.40
6.08  2.44
6.10  2.52
6.12  2.65
6.13  2.78
6.15  2.85
6.17  2.90
6.18  2.94
6.20  2.99
6.22  3.04
6.23  3.10
6.25  3.15
6.27  3.20
6.28  3.25
6.30  3.28
6.32  3.29
6.33  3.30
6.35  3.37
6.37  3.40
6.38  3.39
6.40  3.40
6.42  3.46
6.43  3.48
6.45  3.50
6.47  3.50
6.48  3.52
6.50  3.54
6.52  3.55
6.53  3.56
6.55  3.57
6.57  3.58
6.58  3.59
6.60  3.58
6.62  3.53
6.63  3.54
6.65  3.54
6.67  3.48
6.68  3.47
6.70  3.51
6.72  3.36
6.73  3.35
6.75  3.19
6.77  3.11
6.78  3.08
6.80  3.09
6.82  3.12
6.83  3.20
6.85  3.27
6.87  3.23
6.88  3.23
6.90  3.29
6.92  3.28
6.93  3.24
6.95  3.23
6.97  3.23
6.98  3.24
7.00  3.25
7.02  3.27
7.03  3.29
7.05  3.31
7.07  3.33
7.08  3.37
7.10  3.48
7.12  3.53
7.13  3.51
7.15  3.45
7.17  3.43
7.18  3.39
7.20  3.28
7.22  3.21
7.23  3.19
7.25  3.20
7.27  3.23
7.28  3.42
7.30  3.37
7.32  3.30
7.33  3.36
7.35  3.40
7.37  3.50
7.38  3.53
7.40  3.79
7.42  3.95
7.43  3.96
7.45  3.96
7.47  3.96
7.48  3.98
7.50  3.97
7.52  3.87
7.53  3.71
7.55  3.96
7.57  3.98
7.58  3.99
7.60  4.00
7.62  3.99
7.63  4.00
7.65  4.01
7.67  4.01
7.68  4.01
7.70  4.01
7.72  4.00
7.73  4.02
7.75  4.03
7.77  4.03
7.78  4.03
7.80  4.03
7.82  4.03
7.83  4.04
7.85  4.04
7.87  4.04
7.88  4.05
7.90  4.05
7.92  4.05
7.93  4.05
7.95  4.05
7.97  4.06
7.98  4.06
8.00  4.06
8.02  4.06
8.03  4.06
8.05  4.07
8.07  4.07
8.08  4.07
8.10  4.07
8.12  4.07
8.13  4.08
8.15  4.08
8.17  4.08
8.18  4.08
8.20  4.09
8.22  4.09
8.23  4.09
8.25  4.09
8.27  4.09
8.28  4.10
8.30  4.10
8.32  4.10
8.33  4.10
8.35  4.10
8.37  4.10
8.38  4.11
8.40  4.11
8.42  4.11
8.43  4.11
8.45  4.12
8.47  4.12
8.48  4.12
8.50  4.12
8.52  4.12
8.53  4.13
8.55  4.13
8.57  4.13
8.58  4.13
8.60  4.13
8.62  4.13
8.63  4.13
8.65  4.14
8.67  4.14
8.68  4.14
8.70  4.14
8.72  4.14
8.73  4.14
8.75  4.14
8.77  4.15
8.78  4.15
8.80  4.15
8.82  4.15
8.83  4.15
8.85  4.15
8.87  4.15
8.88  4.15
8.90  4.15
8.92  4.15
8.93  4.16
8.95  4.15
8.97  4.16
8.98  4.16
9.00  4.16
9.02  4.16
9.03  4.16
9.05  4.16
9.07  4.17
9.08  4.17
9.10  4.17
9.12  4.17
9.13  4.17
9.15  4.17
9.17  4.17
9.18  4.17
9.20  4.16
9.22  4.15
9.23  4.15
9.25  4.15
9.27  4.15
9.28  4.15
9.30  4.15
9.32  4.15
9.33  4.15
9.35  4.15
9.37  4.16
9.38  4.16
9.40  4.16
9.42  4.15
9.43  4.15
9.45  4.16
9.47  4.16
9.48  4.17
9.50  4.16
9.52  4.16
9.53  4.17
9.55  4.16
9.57  4.16
9.57  4.16
9.58  4.17
9.60  4.17
9.62  4.17
9.63  4.16
9.65  4.17
9.67  4.17
9.68  4.17
9.70  4.17
9.72  4.17
9.73  4.17
9.75  4.18
9.77  4.17
9.78  4.17
9.80  4.17
9.82  4.17
9.83  4.17
9.85  4.17
9.87  4.17
9.88  4.17
9.90  4.17
9.92  4.17
9.93  4.17
9.95  4.17
9.97  4.17
9.98  4.17
10.00  4.17
10.02  4.17
10.03  4.18
10.05  4.18
10.07  4.18
10.08  4.18
10.10  4.18
10.12  4.18
10.13  4.18
10.15  4.18
10.17  4.18
10.18  4.18
10.20  4.18
10.22  4.18
10.23  4.18
10.25  4.18
10.27  4.19
10.28  4.19
10.30  4.19
10.32  4.19
10.33  4.19
10.35  4.19
10.37  4.19
10.38  4.19
10.40  4.19
10.42  4.19
10.43  4.19
10.45  4.19
10.47  4.19
10.48  4.19
10.50  4.19
10.52  4.19
10.53  4.19
10.55  4.19
10.57  4.19
10.58  4.19
10.60  4.18
10.62  4.04
10.63  3.53
10.65  3.31
10.67  3.29
10.68  3.28
10.70  3.27
10.72  3.27
10.73  3.26
10.75  3.26
10.77  3.25
10.78  3.25
10.80  3.25
10.82  3.25
10.83  3.25
10.85  3.24
10.87  3.24
10.88  3.24
10.90  3.24
10.92  3.24
10.93  3.23
10.95  3.23
10.97  3.23
10.98  3.22
11.00  3.22
11.02  3.22
11.03  3.22
11.05  3.22
11.07  3.22
11.08  3.21
11.10  3.21
11.12  3.21
11.13  3.21
11.15  3.20
11.17  3.20
11.18  3.19
11.20  3.19
11.22  3.19
11.23  3.19
11.25  3.19
11.27  3.18
11.28  3.18
11.30  3.18
11.32  3.17
11.33  3.17
11.35  3.16
11.37  3.16
11.38  3.15
11.40  3.15
11.42  3.14
11.43  3.14
11.45  3.14
11.47  3.14
11.48  3.14
11.50  3.13
11.52  3.13
11.53  3.13
11.55  3.13
11.57  3.13
11.58  3.12
11.60  3.11
11.62  3.11
11.63  3.10
11.65  3.10
11.67  3.10
11.68  3.09
11.70  3.09
11.72  3.09
11.73  3.08
11.75  3.08
11.77  3.08
11.78  3.07
11.80  3.07
11.82  3.07
11.83  3.07
11.85  3.06
11.87  3.06
11.88  3.06
11.90  3.06
11.92  3.06
11.93  3.06
11.95  3.06
11.97  3.05
11.98  3.05
12.00  3.05
12.02  3.05
12.03  3.06
12.05  3.07
12.07  3.07
12.08  3.08
12.10  3.08
12.12  3.08
12.13  3.07
12.15  3.05
12.17  3.05
12.18  3.04
12.20  3.04
12.22  3.04
12.23  3.04
12.25  3.04
12.27  3.04
12.28  3.04
12.30  3.05
12.32  3.04
12.33  3.04
12.35  3.05
12.37  3.07
12.38  3.09
12.40  3.11
12.42  3.11
12.43  3.10
12.45  3.07
12.47  3.08
12.48  3.10
12.50  3.13
12.52  3.13
12.53  3.11
12.55  3.09
12.57  3.05
12.58  3.02
12.60  3.01
12.62  3.01
12.63  2.99
12.65  2.98
12.67  2.97
12.68  2.96
12.70  2.96
12.72  2.95
12.73  2.92
12.75  2.94
12.77  2.94
12.78  2.93
12.80  2.93
12.82  2.93
12.83  2.93
12.85  2.93
12.87  2.92
12.88  2.92
12.90  2.92
12.92  2.91
12.93  2.91
12.95  2.91
12.97  2.91
12.98  2.92
13.00  2.92
13.02  2.92
13.03  2.92
13.05  2.92
13.07  2.93
13.08  2.93
13.10  2.93
13.12  2.93
13.13  2.91
13.15  2.90
13.17  2.89
13.18  2.89
13.20  2.90
13.22  2.90
13.23  2.90
13.25  2.90
13.27  2.90
13.28  2.91
13.30  2.92
13.32  2.93
13.33  2.95
13.35  2.97
13.37  2.99
13.38  3.03
13.40  3.06
13.42  3.09
13.43  3.09
13.45  3.06
13.47  3.02
13.48  3.00
13.50  3.00
13.52  3.00
13.53  3.02
13.55  3.04
13.57  3.05
13.58  3.06
13.60  3.06
13.62  3.05
13.63  3.06
13.65  3.06
13.67  3.06
13.68  3.04
13.70  3.02
13.72  3.02
13.73  3.03
13.75  3.03
13.77  3.02
13.78  3.02
13.80  3.01
13.82  2.99
13.83  2.98
13.85  2.99
13.87  2.99
13.88  2.98
13.90  2.96
13.92  2.91
13.93  2.88
13.95  2.86
13.97  2.85
13.98  2.85
14.00  2.88
14.02  2.85
14.03  2.84
14.05  2.84
14.07  2.84
14.08  2.85
14.10  2.87
14.12  2.92
14.13  2.96
14.15  2.97
14.17  2.97
14.18  2.96
14.20  2.97
14.22  2.97
14.23  2.95
14.25  2.97
14.27  2.94
14.28  2.92
14.30  2.91
14.32  2.90
14.33  2.90
14.35  2.89
14.37  2.88
14.38  2.86
14.40  2.87
14.42  2.89
14.43  2.89
14.45  2.88
14.47  2.87
14.48  2.85
14.50  2.84
14.52  2.84
14.53  2.83
14.55  2.83
14.57  2.84
14.58  2.84
14.60  2.84
14.62  2.84
14.63  2.86
14.65  2.88
14.67  2.89
14.68  2.91
14.70  2.92
14.72  2.91
14.73  2.89
14.75  2.89
14.77  2.90
14.78  2.90
14.80  2.88
14.82  2.87
14.83  2.85
14.85  2.86
14.87  2.83
14.88  2.82
14.90  2.84
14.92  2.86
14.93  2.86
14.95  2.86
14.97  2.85
14.98  2.81
15.00  2.76
15.02  2.73
15.03  2.73
15.05  2.75
15.07  2.77
15.08  2.78
15.10  2.76
15.12  2.74
15.13  2.72
15.15  2.74
15.17  2.73
15.18  2.71
15.20  2.69
15.22  2.68
15.23  2.67
15.25  2.66
15.27  2.66
15.28  2.66
15.30  2.66
15.32  2.66
15.33  2.66
15.35  2.67
15.37  2.67
15.38  2.66
15.40  2.66
15.42  2.66
15.43  2.65
15.45  2.66
15.47  2.66
15.48  2.66
15.50  2.66
15.52  2.66
15.53  2.66
15.55  2.66
15.57  2.66
15.58  2.66
15.60  2.67
15.62  2.66
15.63  2.65
15.65  2.65
15.67  2.67
15.68  2.70
15.70  2.72
15.72  2.73
15.73  2.73
15.75  2.74
15.77  2.75
15.78  2.76
15.80  2.76
15.82  2.76
15.83  2.75
15.85  2.76
15.87  2.75
15.88  2.76
15.90  2.77
15.92  2.78
15.93  2.79
15.95  2.80
15.97  2.81
15.98  2.82
16.00  2.82
16.02  2.82
16.03  2.82
16.05  2.83
16.07  2.86
16.08  2.88
16.10  2.90
16.12  2.92
16.13  2.93
16.15  2.94
16.17  2.94
16.18  2.94
16.20  2.95
16.22  2.95
16.23  2.95
16.25  2.96
16.27  2.98
16.28  2.99
16.30  2.98
16.32  2.98
16.33  2.97
16.35  2.97
16.37  2.96
16.38  2.96
16.40  2.97
16.42  2.97
16.43  2.97
16.45  2.97
16.47  3.08
16.48  3.20
16.50  3.13
16.52  2.99
16.53  2.94
16.55  2.96
16.57  2.97
16.58  2.98
16.60  2.99
16.62  2.99
16.63  2.98
16.65  2.98
16.67  2.98
16.68  2.97
16.70  2.95
16.72  2.94
16.73  2.93
16.75  2.93
16.77  2.94
16.78  2.95
16.80  2.95
16.82  2.96
16.83  2.96
16.85  2.97
16.87  2.98
16.88  3.00
16.90  3.00
16.92  2.99
16.93  2.95
16.95  2.91
16.97  2.87
16.98  2.83
17.00  2.78
17.02  2.73
17.03  2.72
17.05  2.73
17.07  2.75
17.08  2.79
17.10  2.81
17.12  2.82
17.13  2.82
17.15  2.82
17.17  2.81
17.18  2.81
17.20  2.81
17.22  2.76
17.23  2.74
17.25  2.70
17.27  2.66
17.28  2.64
17.30  2.63
17.32  2.62
17.33  2.61
17.35  2.60
17.37  2.59
17.38  2.59
17.40  2.57
17.42  2.56
17.43  2.55
17.45  2.53
17.47  2.51
17.48  2.50
17.50  2.49
17.52  2.48
17.53  2.46
17.55  2.45
17.57  2.44
17.58  2.44
17.60  2.42
17.62  2.39
17.63  2.34
17.65  2.28
17.67  2.22
17.68  2.15
17.70  2.11
17.72  2.08
17.73  2.07
17.75  2.04
17.77  2.02
17.78  1.98
17.80  1.94
17.82  1.88
17.83  1.82
17.85  1.76
17.87  1.71
17.88  1.66
17.90  1.61
17.92  1.56
17.93  1.53
17.95  1.49
17.97  1.46
17.98  1.44
18.00  1.41
18.02  1.39
18.03  1.37
18.05  1.34
18.07  1.32
18.08  1.31
18.10  1.29
18.12  1.28
18.13  1.26
18.15  1.24
18.17  1.22
18.18  1.19
18.20  1.17
18.22  1.14
18.23  1.11
18.25  1.08
18.27  1.05
18.28  1.03
18.30  1.00
18.32  0.97
18.33  0.94
18.35  0.91
18.37  0.89
18.38  0.86
18.40  0.84
18.42  0.81
18.43  0.77
18.45  0.74
18.47  0.70
18.48  0.67
18.50  0.63
18.52  0.60
18.53  0.57
18.55  0.54
18.57  0.50
18.58  0.46
18.60  0.42
18.62  0.38
18.63  0.35
18.65  0.31
18.67  0.28
18.68  0.25
18.70  0.21
18.72  0.19
18.73  0.16
18.75  0.14
18.77  0.12
18.78  0.10
18.80  0.08
18.82  0.06
18.83  0.05
18.85  0.04
18.87  0.03
18.88  0.02
18.90  0.01
18.92  0.01
18.93  0.00
18.95  0.00
18.97  0.00
18.98  0.00
19.00  0.00
19.02  0.00
19.03  0.00
19.05  0.00
19.07  0.00
19.08  0.00
19.10  0.00
19.12  0.00
19.13  0.00
19.15  0.00
19.17  0.00
19.18  0.00
19.20  0.00
19.22  0.00
19.23  0.00
19.25  0.00
19.27  0.00
19.28  0.00
19.30  0.00
19.32  0.00
19.33  0.00
19.35  0.00
19.37  0.00
19.38  0.00
19.40  0.00
19.42  0.00
19.43  0.00
19.45  0.00
19.47  0.00
19.48  0.00
19.50  0.00
19.52  0.00
19.53  0.00
19.55  0.00
19.57  0.00
19.58  0.00
19.60  0.00
19.62  0.00
19.63  0.00
19.65  0.00
19.67  0.00
19.68  0.00
19.70  0.00
19.72  0.00
19.73  0.00
19.75  0.00
19.77  0.00
19.78  0.00
19.80  0.00
19.82  0.00
19.83  0.00
19.85  0.00
19.87  0.00
19.88  0.00
19.90  0.00
19.92  0.00
19.93  0.00
19.95  0.00
19.97  0.00
19.98  0.00
20.00  0.00
20.02  0.00
20.03  0.00
20.05  0.00
20.07  0.00
20.08  0.00
20.10  0.00
20.12  0.00
20.13  0.00
20.15  0.00
20.17  0.00
20.18  0.00
20.20  0.00
20.22  0.00
20.23  0.00
20.25  0.00
20.27  0.00
20.28  0.00
20.30  0.00
20.32  0.00
20.33  0.00
20.35  0.00
20.37  0.00
20.38  0.00
20.40  0.00
20.42  0.00
20.43  0.00
20.45  0.00
20.47  0.00
20.48  0.00
20.50  0.00
20.52  0.00
20.53  0.00
20.55  0.00
20.57  0.00
20.58  0.00
20.60  0.00
20.62  0.00
20.63  0.00
20.65  0.00
20.67  0.00
20.68  0.00
20.70  0.00
20.72  0.00
20.73  0.00
20.75  0.00
20.77  0.00
20.78  0.00
20.80  0.00
20.82  0.00
20.83  0.00
20.85  0.00
20.87  0.00
20.88  0.00
20.90  0.00
20.92  0.00
20.93  0.00
20.95  0.00
20.97  0.00
20.98  0.00
21.00  0.00
21.02  0.00
21.03  0.00
21.05  0.00
21.07  0.00
21.08  0.00
21.10  0.00
21.12  0.00
21.13  0.00
21.15  0.00
21.17  0.00
21.18  0.00
21.20  0.00
21.22  0.00
21.23  0.00
21.25  0.00
21.27  0.00
21.28  0.00
21.30  0.00
21.32  0.00
21.33  0.00
21.35  0.00
21.37  0.00
21.38  0.00
21.40  0.00
21.42  0.00
21.43  0.00
21.45  0.00
21.47  0.00
21.48  0.00
21.50  0.00
21.52  0.00
21.53  0.00
21.55  0.00
21.57  0.00
21.58  0.00
21.60  0.00
21.62  0.00
21.63  0.00
21.65  0.00
21.67  0.00
21.68  0.00
21.70  0.00
21.72  0.00
21.73  0.00
21.75  0.00
21.77  0.00
21.78  0.00
21.80  0.00
21.82  0.00
21.83  0.00
21.85  0.00
21.87  0.00
21.88  0.00
21.90  0.00
21.92  0.00
21.93  0.00
21.95  0.00
21.97  0.00
21.98  0.00
22.00  0.00
22.02  0.00
22.03  0.00
22.05  0.00
22.07  0.00
22.08  0.00
22.10  0.00
22.12  0.00
22.13  0.00
22.15  0.00
22.17  0.00
22.18  0.00
22.20  0.00
22.22  0.00
22.23  0.00
22.25  0.00
22.27  0.00
22.28  0.00
22.30  0.00
22.32  0.00
22.33  0.00
22.35  0.00
22.37  0.00
22.38  0.00
22.40  0.00
22.42  0.00
22.43  0.00
22.45  0.00
22.47  0.00
22.48  0.00
22.50  0.00
22.52  0.00
22.53  0.00
22.55  0.00
22.57  0.00
22.58  0.00
22.60  0.00
22.62  0.00
22.63  0.00
22.65  0.00
22.67  0.00
22.68  0.00
22.70  0.00
22.72  0.00
22.73  0.00
22.75  0.00
22.77  0.00
22.78  0.00
22.80  0.00
22.82  0.00
22.83  0.00
22.85  0.00
22.87  0.00
22.88  0.00
22.90  0.00
22.92  0.00
22.93  0.00
22.95  0.00
22.97  0.00
22.98  0.00
23.00  0.00
23.02  0.00
23.03  0.00
23.05  0.00
23.07  0.00
23.08  0.00
23.10  0.00
23.12  0.00
23.13  0.00
23.15  0.00
23.17  0.00
23.18  0.00
23.20  0.00
23.22  0.00
23.23  0.00
23.25  0.00
23.27  0.00
23.28  0.00
23.30  0.00
23.32  0.00
23.33  0.00
23.35  0.00
23.37  0.00
23.38  0.00
23.40  0.00
23.42  0.00
23.42  0.00
23.43  0.00
23.45  0.00
23.47  0.00
23.48  0.00
23.50  0.00
23.52  0.00
23.53  0.00
23.55  0.00
23.57  0.00
23.58  0.00
23.60  0.00
23.62  0.00
23.63  0.00
23.65  0.00
23.67  0.00
23.68  0.00
23.70  0.00
23.72  0.00
23.73  0.00
23.75  0.00
23.77  0.00
23.78  0.00
23.80  0.00
23.82  0.00
23.83  0.00
23.85  0.00
23.87  0.00
23.88  0.00
23.90  0.00
23.92  0.00
23.93  0.00
23.95  0.00
23.97  0.00
23.98  0.00
