genericdec
-3.60   40.15
7   9   2015
0.00  0.00
0.02  0.00
0.03  0.00
0.05  0.00
0.07  0.00
0.08  0.00
0.10  0.00
0.12  0.00
0.13  0.00
0.15  0.00
0.17  0.00
0.18  0.00
0.20  0.00
0.22  0.00
0.23  0.00
0.25  0.00
0.27  0.00
0.28  0.00
0.30  0.00
0.32  0.00
0.33  0.00
0.35  0.00
0.37  0.00
0.38  0.00
0.40  0.00
0.42  0.00
0.43  0.00
0.45  0.00
0.47  0.00
0.48  0.00
0.50  0.00
0.52  0.00
0.53  0.00
0.55  0.00
0.57  0.00
0.58  0.00
0.60  0.00
0.62  0.00
0.63  0.00
0.65  0.00
0.67  0.00
0.68  0.00
0.70  0.00
0.72  0.00
0.73  0.00
0.75  0.00
0.77  0.00
0.78  0.00
0.80  0.00
0.82  0.00
0.83  0.00
0.85  0.00
0.87  0.00
0.88  0.00
0.90  0.00
0.92  0.00
0.93  0.00
0.95  0.00
0.97  0.00
0.98  0.00
1.00  0.00
1.02  0.00
1.03  0.00
1.05  0.00
1.07  0.00
1.08  0.00
1.10  0.00
1.12  0.00
1.13  0.00
1.15  0.00
1.17  0.00
1.18  0.00
1.20  0.00
1.22  0.00
1.23  0.00
1.25  0.00
1.27  0.00
1.28  0.00
1.30  0.00
1.32  0.00
1.33  0.00
1.35  0.00
1.37  0.00
1.38  0.00
1.40  0.00
1.42  0.00
1.43  0.00
1.45  0.00
1.47  0.00
1.48  0.00
1.50  0.00
1.52  0.00
1.53  0.00
1.55  0.00
1.57  0.00
1.58  0.00
1.60  0.00
1.62  0.00
1.63  0.00
1.65  0.00
1.67  0.00
1.68  0.00
1.70  0.00
1.72  0.00
1.73  0.00
1.75  0.00
1.77  0.00
1.78  0.00
1.80  0.00
1.82  0.00
1.83  0.00
1.85  0.00
1.87  0.00
1.88  0.00
1.90  0.00
1.92  0.00
1.93  0.00
1.95  0.00
1.97  0.00
1.98  0.00
2.00  0.00
2.02  0.00
2.03  0.00
2.05  0.00
2.07  0.00
2.08  0.00
2.10  0.00
2.12  0.00
2.13  0.00
2.15  0.00
2.17  0.00
2.18  0.00
2.20  0.00
2.22  0.00
2.23  0.00
2.25  0.00
2.27  0.00
2.28  0.00
2.30  0.00
2.32  0.00
2.33  0.00
2.35  0.00
2.37  0.00
2.38  0.00
2.40  0.00
2.42  0.00
2.43  0.00
2.45  0.00
2.47  0.00
2.48  0.00
2.50  0.00
2.52  0.00
2.53  0.00
2.55  0.00
2.57  0.00
2.58  0.00
2.60  0.00
2.62  0.00
2.63  0.00
2.65  0.00
2.67  0.00
2.68  0.00
2.70  0.00
2.72  0.00
2.73  0.00
2.75  0.00
2.77  0.00
2.78  0.00
2.80  0.00
2.82  0.00
2.83  0.00
2.85  0.00
2.87  0.00
2.88  0.00
2.90  0.00
2.92  0.00
2.93  0.00
2.95  0.00
2.97  0.00
2.98  0.00
3.00  0.00
3.02  0.00
3.03  0.00
3.05  0.00
3.07  0.00
3.08  0.00
3.10  0.00
3.12  0.00
3.13  0.00
3.15  0.00
3.17  0.00
3.18  0.00
3.20  0.00
3.22  0.00
3.23  0.00
3.25  0.00
3.27  0.00
3.28  0.00
3.30  0.00
3.32  0.00
3.33  0.00
3.35  0.00
3.37  0.00
3.38  0.00
3.40  0.00
3.42  0.00
3.43  0.00
3.45  0.00
3.47  0.00
3.48  0.00
3.50  0.00
3.52  0.00
3.53  0.00
3.55  0.00
3.57  0.00
3.58  0.00
3.60  0.00
3.62  0.00
3.63  0.00
3.65  0.00
3.67  0.00
3.68  0.00
3.70  0.00
3.72  0.00
3.73  0.00
3.75  0.00
3.77  0.00
3.78  0.00
3.80  0.00
3.82  0.00
3.83  0.00
3.85  0.00
3.87  0.00
3.88  0.00
3.90  0.00
3.92  0.00
3.93  0.00
3.95  0.00
3.97  0.00
3.98  0.00
4.00  0.00
4.02  0.00
4.03  0.00
4.05  0.00
4.07  0.00
4.08  0.00
4.10  0.00
4.12  0.00
4.13  0.00
4.15  0.00
4.17  0.00
4.18  0.00
4.20  0.00
4.22  0.00
4.23  0.00
4.25  0.00
4.27  0.00
4.28  0.00
4.30  0.00
4.32  0.00
4.33  0.00
4.35  0.00
4.37  0.00
4.38  0.00
4.40  0.00
4.42  0.00
4.43  0.00
4.45  0.00
4.47  0.00
4.48  0.00
4.50  0.00
4.52  0.00
4.53  0.00
4.55  0.00
4.57  0.00
4.58  0.00
4.60  0.00
4.62  0.00
4.63  0.00
4.65  0.00
4.67  0.00
4.68  0.00
4.70  0.00
4.72  0.00
4.73  0.00
4.75  0.00
4.77  0.00
4.78  0.00
4.80  0.00
4.82  0.00
4.83  0.00
4.85  0.00
4.87  0.00
4.88  0.00
4.90  0.00
4.92  0.00
4.93  0.00
4.95  0.00
4.97  0.00
4.98  0.00
5.00  0.00
5.02  0.00
5.03  0.00
5.05  0.00
5.07  0.00
5.08  0.00
5.10  0.00
5.12  0.00
5.13  0.00
5.15  0.00
5.17  0.00
5.18  0.00
5.20  0.00
5.22  0.00
5.23  0.00
5.25  0.00
5.27  0.00
5.28  0.00
5.30  0.00
5.32  0.00
5.33  0.00
5.35  0.01
5.37  0.02
5.38  0.02
5.40  0.03
5.42  0.04
5.43  0.04
5.45  0.05
5.47  0.06
5.48  0.07
5.50  0.07
5.52  0.08
5.53  0.09
5.55  0.10
5.57  0.11
5.58  0.12
5.60  0.13
5.62  0.14
5.63  0.16
5.65  0.17
5.67  0.19
5.68  0.22
5.70  0.24
5.72  0.27
5.73  0.29
5.75  0.31
5.77  0.32
5.78  0.33
5.80  0.32
5.82  0.32
5.83  0.30
5.85  0.26
5.87  0.24
5.88  0.22
5.90  0.21
5.92  0.21
5.93  0.21
5.95  0.21
5.97  0.22
5.98  0.23
6.00  0.24
6.02  0.24
6.03  0.25
6.05  0.25
6.07  0.25
6.08  0.25
6.10  0.21
6.12  0.08
6.13  0.08
6.15  0.08
6.17  0.08
6.18  0.09
6.20  0.10
6.22  0.12
6.23  0.13
6.25  0.15
6.27  0.16
6.28  0.17
6.30  0.18
6.32  0.19
6.33  0.19
6.35  0.20
6.37  0.19
6.38  0.18
6.40  0.17
6.42  0.17
6.43  0.18
6.45  0.19
6.47  0.21
6.48  0.22
6.50  0.24
6.52  0.25
6.53  0.27
6.55  0.30
6.57  0.32
6.58  0.34
6.60  0.36
6.62  0.38
6.63  0.41
6.65  0.43
6.67  0.45
6.68  0.47
6.70  0.49
6.72  0.51
6.73  0.54
6.75  0.57
6.77  0.60
6.78  0.63
6.80  0.65
6.82  0.68
6.83  0.70
6.85  0.71
6.87  0.72
6.88  0.73
6.90  0.73
6.92  0.74
6.93  0.75
6.95  0.77
6.97  0.77
6.98  0.77
7.00  0.76
7.02  0.75
7.03  0.73
7.05  0.71
7.07  0.68
7.08  0.63
7.10  0.59
7.12  0.56
7.13  0.55
7.15  0.55
7.17  0.56
7.18  0.58
7.20  0.62
7.22  0.69
7.23  0.81
7.25  0.90
7.27  0.96
7.28  1.05
7.30  1.18
7.32  1.27
7.33  1.34
7.35  1.40
7.37  1.45
7.38  1.50
7.40  1.56
7.42  1.61
7.43  1.67
7.45  1.74
7.47  1.81
7.48  1.88
7.50  1.90
7.52  1.79
7.53  1.80
7.55  1.98
7.57  2.10
7.58  2.18
7.60  2.26
7.62  2.35
7.63  2.42
7.65  2.44
7.67  2.42
7.68  2.40
7.70  2.38
7.72  2.38
7.73  2.40
7.75  2.42
7.77  2.43
7.78  2.47
7.80  2.50
7.82  2.50
7.83  2.48
7.85  2.46
7.87  2.43
7.88  2.42
7.90  2.42
7.92  2.42
7.93  2.46
7.95  2.50
7.97  2.51
7.98  2.52
8.00  2.57
8.02  2.64
8.03  2.83
8.05  2.54
8.07  2.57
8.08  2.80
8.10  3.07
8.12  3.76
8.13  3.72
8.15  3.96
8.17  3.95
8.18  3.95
8.20  3.95
8.22  3.95
8.23  3.96
8.25  3.96
8.27  3.96
8.28  3.96
8.30  3.96
8.32  3.96
8.33  3.96
8.35  3.96
8.37  3.96
8.38  3.96
8.40  3.96
8.42  3.96
8.43  3.96
8.45  3.96
8.47  3.96
8.48  3.97
8.50  3.97
8.52  3.97
8.53  3.97
8.55  3.97
8.57  3.98
8.58  3.98
8.60  3.98
8.62  3.98
8.63  3.98
8.65  3.98
8.67  3.98
8.68  3.98
8.70  3.99
8.72  3.99
8.73  4.00
8.75  4.00
8.77  3.93
8.78  3.85
8.80  3.98
8.82  4.00
8.83  3.92
8.85  3.24
8.87  2.88
8.88  2.84
8.90  2.68
8.92  2.61
8.93  2.60
8.95  2.69
8.97  2.80
8.98  2.63
9.00  2.70
9.02  2.89
9.03  2.93
9.05  2.95
9.07  2.92
9.08  2.92
9.10  2.93
9.12  2.93
9.13  2.94
9.15  2.95
9.17  2.96
9.18  2.95
9.20  2.95
9.22  2.96
9.23  2.98
9.25  3.00
9.27  2.87
9.28  2.72
9.30  2.76
9.32  2.75
9.33  2.74
9.35  2.90
9.37  3.02
9.38  3.04
9.40  2.94
9.42  3.89
9.43  3.89
9.45  3.89
9.47  3.88
9.48  3.89
9.50  3.89
9.52  3.89
9.53  3.88
9.55  3.89
9.57  2.42
9.58  2.39
9.60  2.66
9.62  3.67
9.63  3.55
9.65  3.39
9.67  3.46
9.68  3.53
9.70  3.56
9.72  3.64
9.73  3.86
9.75  2.25
9.77  2.57
9.78  3.80
9.80  2.75
9.82  2.43
9.83  3.68
9.85  3.82
9.87  2.40
9.88  2.28
9.90  2.13
9.92  2.14
9.93  2.21
9.95  2.12
9.97  2.04
9.98  2.14
10.00  2.26
10.02  2.40
10.03  2.33
10.05  2.42
10.07  2.44
10.08  2.45
10.10  2.46
10.12  2.47
10.13  2.30
10.15  2.40
10.17  2.42
10.18  2.41
10.20  2.34
10.22  1.88
10.23  1.88
10.25  1.92
10.27  2.04
10.28  2.10
10.30  2.28
10.32  2.30
10.33  2.16
10.35  2.15
10.37  2.09
10.38  2.17
10.40  2.16
10.42  2.14
10.43  2.14
10.45  2.14
10.47  2.15
10.48  2.16
10.50  2.20
10.52  2.31
10.53  2.44
10.55  2.55
10.57  2.63
10.58  2.62
10.60  2.52
10.62  2.42
10.63  2.36
10.65  2.36
10.67  2.43
10.68  2.48
10.70  2.50
10.72  2.49
10.73  2.52
10.75  2.55
10.77  2.49
10.78  2.54
10.80  2.57
10.82  2.57
10.83  2.58
10.85  2.57
10.87  2.58
10.88  2.60
10.90  2.63
10.92  2.67
10.93  2.73
10.95  2.74
10.97  2.73
10.98  2.72
11.00  2.72
11.02  2.71
11.03  2.68
11.05  2.64
11.07  2.59
11.08  4.03
11.10  4.07
11.12  4.03
11.13  3.81
11.15  3.87
11.17  3.93
11.18  3.76
11.20  3.63
11.22  3.62
11.23  3.70
11.25  3.76
11.27  3.72
11.28  4.08
11.30  4.13
11.32  3.88
11.33  3.69
11.35  3.59
11.37  3.55
11.38  3.52
11.40  3.48
11.42  3.46
11.43  3.44
11.45  3.41
11.47  3.39
11.48  3.38
11.50  3.37
11.52  3.37
11.53  3.37
11.55  3.38
11.57  3.39
11.58  3.38
11.60  3.37
11.62  3.37
11.63  3.36
11.65  3.35
11.67  3.35
11.68  3.36
11.70  3.36
11.72  3.36
11.73  3.29
11.75  3.24
11.77  3.22
11.78  3.19
11.80  3.18
11.82  3.19
11.83  3.24
11.85  3.34
11.87  3.36
11.88  3.39
11.90  3.37
11.92  3.33
11.93  3.37
11.95  3.33
11.97  3.32
11.98  3.29
12.00  3.23
12.02  3.29
12.03  3.28
12.05  3.29
12.07  3.30
12.08  3.24
12.10  3.34
12.12  3.37
12.13  3.40
12.15  3.38
12.17  3.36
12.18  3.30
12.20  3.31
12.22  3.28
12.23  3.26
12.25  3.23
12.27  3.22
12.28  3.23
12.30  3.25
12.32  3.28
12.33  3.32
12.35  3.38
12.37  3.41
12.38  3.41
12.40  3.42
12.42  3.41
12.43  3.35
12.45  3.25
12.47  3.20
12.48  3.16
12.50  3.15
12.52  3.14
12.53  3.12
12.55  3.11
12.57  3.10
12.58  3.10
12.60  3.10
12.62  3.11
12.63  3.11
12.65  3.11
12.67  3.12
12.68  3.13
12.70  3.15
12.72  3.17
12.73  3.17
12.75  3.15
12.77  3.16
12.78  3.19
12.80  3.22
12.82  3.25
12.83  3.27
12.85  3.28
12.87  3.27
12.88  3.24
12.90  3.21
12.92  3.18
12.93  3.16
12.95  3.18
12.97  3.22
12.98  3.28
12.98  3.33
13.00  3.37
13.02  3.40
13.03  3.42
13.05  3.44
13.07  3.46
13.08  3.47
13.10  3.48
13.12  3.48
13.13  3.47
13.15  3.46
13.17  3.44
13.18  3.47
13.20  3.47
13.22  3.47
13.23  3.47
13.25  3.47
13.27  3.48
13.28  3.49
13.30  3.49
13.32  3.49
13.33  3.48
13.35  3.48
13.37  3.47
13.38  3.46
13.40  3.45
13.42  3.43
13.43  3.42
13.45  3.41
13.47  3.40
13.48  3.40
13.50  3.40
13.52  3.39
13.53  3.39
13.55  3.38
13.57  3.37
13.58  3.36
13.60  3.35
13.62  3.34
13.63  3.33
13.65  3.32
13.67  3.31
13.68  3.29
13.70  3.29
13.72  3.28
13.73  3.28
13.75  3.27
13.77  3.27
13.78  3.26
13.80  3.26
13.82  3.26
13.83  3.25
13.85  3.25
13.87  3.24
13.88  3.24
13.90  3.24
13.92  3.24
13.93  3.25
13.95  3.26
13.97  3.28
13.98  3.30
14.00  3.32
14.02  3.33
14.03  3.35
14.05  3.36
14.07  3.37
14.08  3.39
14.10  3.40
14.12  3.40
14.13  3.41
14.15  3.41
14.17  3.40
14.18  3.41
14.20  3.41
14.22  3.41
14.23  3.41
14.25  3.41
14.27  3.41
14.28  3.42
14.30  3.42
14.32  3.42
14.33  3.42
14.35  3.42
14.37  3.42
14.38  3.42
14.40  3.42
14.42  3.41
14.43  3.41
14.45  3.40
14.47  3.39
14.48  3.39
14.50  3.39
14.52  3.39
14.53  3.40
14.55  3.39
14.57  3.40
14.58  3.39
14.60  3.39
14.62  3.38
14.63  3.38
14.65  3.38
14.67  3.38
14.68  3.37
14.70  3.37
14.72  3.38
14.73  3.37
14.75  3.38
14.77  3.38
14.78  3.36
14.80  3.36
14.82  3.36
14.83  3.35
14.85  3.33
14.82  3.33
14.83  3.31
14.85  3.29
14.87  3.28
14.88  3.26
14.90  3.25
14.92  3.23
14.93  3.22
14.95  3.22
14.97  3.21
14.98  3.20
15.00  3.20
15.02  3.19
15.03  3.18
15.05  3.18
15.07  3.17
15.08  3.18
15.10  3.19
15.12  3.20
15.13  3.20
15.15  3.21
15.17  3.21
15.18  3.21
15.20  3.21
15.22  3.21
15.23  3.21
15.25  3.20
15.27  3.19
15.28  3.19
15.30  3.18
15.32  3.18
15.33  3.18
15.35  3.18
15.37  3.18
15.38  3.18
15.40  3.18
15.42  3.17
15.43  3.17
15.45  3.16
15.47  3.16
15.48  3.15
15.50  3.14
15.52  3.13
15.53  3.12
15.55  3.11
15.57  3.10
15.58  3.08
15.60  3.07
15.62  3.05
15.63  3.04
15.65  3.03
15.67  3.01
15.68  3.00
15.70  2.99
15.72  2.98
15.73  2.97
15.75  2.96
15.77  2.95
15.78  2.94
15.80  2.94
15.82  2.93
15.83  2.92
15.85  2.92
15.87  2.92
15.88  2.93
15.90  2.93
15.92  2.93
15.93  2.92
15.95  2.92
15.97  2.92
15.98  2.92
16.00  2.92
16.02  2.92
16.03  2.93
16.05  2.93
16.07  2.93
16.08  2.93
16.10  2.93
16.12  2.92
16.13  2.91
16.15  2.91
16.17  2.90
16.18  2.90
16.20  2.90
16.22  2.90
16.23  2.91
16.25  2.91
16.27  2.92
16.28  2.92
16.30  2.92
16.32  2.93
16.33  2.93
16.35  2.93
16.37  2.93
16.38  2.92
16.40  2.92
16.42  2.92
16.43  2.92
16.45  2.93
16.47  2.94
16.48  2.96
16.50  2.96
16.52  2.97
16.53  2.98
16.55  2.98
16.57  2.97
16.58  2.97
16.60  2.96
16.62  2.95
16.63  2.94
16.65  2.93
16.67  2.93
16.68  2.92
16.70  2.93
16.72  2.92
16.73  2.92
16.75  2.92
16.77  2.92
16.78  2.91
16.80  2.91
16.82  2.91
16.83  2.92
16.85  2.93
16.87  2.94
16.88  2.94
16.90  2.93
16.92  2.89
16.93  2.85
16.95  2.81
16.97  2.78
16.98  2.74
17.00  2.70
17.02  2.67
17.03  2.65
17.05  2.64
17.07  2.62
17.08  2.60
17.10  2.61
17.12  2.64
17.13  2.67
17.15  2.70
17.17  2.73
17.18  2.79
17.20  2.78
17.22  2.76
17.23  2.72
17.25  2.70
17.27  2.68
17.28  2.66
17.30  2.65
17.32  2.65
17.33  2.65
17.35  2.65
17.37  2.64
17.38  2.64
17.40  2.64
17.42  2.61
17.43  2.57
17.45  2.54
17.47  2.48
17.48  2.43
17.50  2.39
17.52  2.33
17.53  2.26
17.55  2.19
17.57  2.11
17.58  2.03
17.60  1.95
17.62  1.87
17.63  1.80
17.65  1.74
17.67  1.70
17.68  1.66
17.70  1.63
17.72  1.60
17.73  1.58
17.75  1.55
17.77  1.53
17.78  1.51
17.80  1.49
17.82  1.47
17.83  1.45
17.85  1.43
17.87  1.41
17.88  1.39
17.90  1.37
17.92  1.35
17.93  1.32
17.95  1.31
17.97  1.29
17.98  1.26
18.00  1.25
18.02  1.22
18.03  1.20
18.05  1.18
18.07  1.16
18.08  1.14
18.10  1.13
18.12  1.11
18.13  1.09
18.15  1.07
18.17  1.05
18.18  1.03
18.20  1.01
18.22  0.99
18.23  0.97
18.25  0.95
18.27  0.93
18.28  0.90
18.30  0.87
18.32  0.85
18.33  0.82
18.35  0.79
18.37  0.77
18.38  0.74
18.40  0.70
18.42  0.67
18.43  0.64
18.45  0.61
18.47  0.57
18.48  0.54
18.50  0.50
18.52  0.47
18.53  0.43
18.55  0.39
18.57  0.36
18.58  0.33
18.60  0.29
18.62  0.26
18.63  0.23
18.65  0.21
18.67  0.18
18.68  0.16
18.70  0.13
18.72  0.11
18.73  0.09
18.75  0.07
18.77  0.06
18.78  0.05
18.80  0.03
18.82  0.03
18.83  0.02
18.85  0.01
18.87  0.01
18.88  0.00
18.90  0.00
18.92  0.00
18.93  0.00
18.95  0.00
18.97  0.00
18.98  0.00
19.00  0.00
19.02  0.00
19.03  0.00
19.05  0.00
19.07  0.00
19.08  0.00
19.10  0.00
19.12  0.00
19.13  0.00
19.15  0.00
19.17  0.00
19.18  0.00
19.20  0.00
19.22  0.00
19.23  0.00
19.25  0.00
19.27  0.00
19.28  0.00
19.30  0.00
19.32  0.00
19.33  0.00
19.35  0.00
19.37  0.00
19.38  0.00
19.40  0.00
19.42  0.00
19.43  0.00
19.45  0.00
19.47  0.00
19.48  0.00
19.50  0.00
19.52  0.00
19.53  0.00
19.55  0.00
19.57  0.00
19.58  0.00
19.60  0.00
19.62  0.00
19.63  0.00
19.65  0.00
19.67  0.00
19.68  0.00
19.70  0.00
19.72  0.00
19.73  0.00
19.75  0.00
19.77  0.00
19.78  0.00
19.80  0.00
19.82  0.00
19.83  0.00
19.85  0.00
19.87  0.00
19.88  0.00
19.90  0.00
19.92  0.00
19.93  0.00
19.95  0.00
19.97  0.00
19.98  0.00
20.00  0.00
20.02  0.00
20.03  0.00
20.05  0.00
20.07  0.00
20.08  0.00
20.10  0.00
20.12  0.00
20.13  0.00
20.15  0.00
20.17  0.00
20.18  0.00
20.20  0.00
20.22  0.00
20.23  0.00
20.25  0.00
20.27  0.00
20.28  0.00
20.30  0.00
20.32  0.00
20.33  0.00
20.35  0.00
20.37  0.00
20.38  0.00
20.40  0.00
20.42  0.00
20.43  0.00
20.45  0.00
20.47  0.00
20.48  0.00
20.50  0.00
20.52  0.00
20.53  0.00
20.55  0.00
20.57  0.00
20.58  0.00
20.60  0.00
20.62  0.00
20.63  0.00
20.65  0.00
20.67  0.00
20.68  0.00
20.70  0.00
20.72  0.00
20.73  0.00
20.75  0.00
20.77  0.00
20.78  0.00
20.80  0.00
20.82  0.00
20.83  0.00
20.85  0.00
20.87  0.00
20.88  0.00
20.90  0.00
20.92  0.00
20.93  0.00
20.95  0.00
20.97  0.00
20.98  0.00
21.00  0.00
21.02  0.00
21.03  0.00
21.05  0.00
21.07  0.00
21.08  0.00
21.10  0.00
21.12  0.00
21.13  0.00
21.15  0.00
21.17  0.00
21.18  0.00
21.20  0.00
21.22  0.00
21.23  0.00
21.25  0.00
21.27  0.00
21.28  0.00
21.30  0.00
21.32  0.00
21.33  0.00
21.35  0.00
21.37  0.00
21.38  0.00
21.40  0.00
21.42  0.00
21.43  0.00
21.45  0.00
21.47  0.00
21.48  0.00
21.50  0.00
21.52  0.00
21.53  0.00
21.55  0.00
21.57  0.00
21.57  0.00
21.58  0.00
21.60  0.00
21.62  0.00
21.63  0.00
21.65  0.00
21.67  0.00
21.68  0.00
21.70  0.00
21.72  0.00
21.73  0.00
21.75  0.00
21.77  0.00
21.78  0.00
21.80  0.00
21.82  0.00
21.83  0.00
21.85  0.00
21.87  0.00
21.88  0.00
21.90  0.00
21.92  0.00
21.93  0.00
21.95  0.00
21.97  0.00
21.98  0.00
22.00  0.00
22.02  0.00
22.03  0.00
22.05  0.00
22.07  0.00
22.08  0.00
22.10  0.00
22.12  0.00
22.13  0.00
22.15  0.00
22.17  0.00
22.18  0.00
22.20  0.00
22.22  0.00
22.23  0.00
22.25  0.00
22.27  0.00
22.28  0.00
22.30  0.00
22.32  0.00
22.33  0.00
22.35  0.00
22.37  0.00
22.38  0.00
22.40  0.00
22.42  0.00
22.43  0.00
22.45  0.00
22.47  0.00
22.48  0.00
22.50  0.00
22.52  0.00
22.53  0.00
22.55  0.00
22.57  0.00
22.58  0.00
22.60  0.00
22.62  0.00
22.63  0.00
22.65  0.00
22.67  0.00
22.68  0.00
22.70  0.00
22.72  0.00
22.73  0.00
22.75  0.00
22.77  0.00
22.78  0.00
22.80  0.00
22.82  0.00
22.83  0.00
22.85  0.00
22.87  0.00
22.88  0.00
22.90  0.00
22.92  0.00
22.93  0.00
22.95  0.00
22.97  0.00
22.98  0.00
23.00  0.00
23.02  0.00
23.03  0.00
23.05  0.00
23.07  0.00
23.08  0.00
23.10  0.00
23.12  0.00
23.13  0.00
23.15  0.00
23.17  0.00
23.18  0.00
23.20  0.00
23.22  0.00
23.23  0.00
23.25  0.00
23.27  0.00
23.28  0.00
23.30  0.00
23.32  0.00
23.33  0.00
23.35  0.00
23.37  0.00
23.38  0.00
23.40  0.00
23.42  0.00
23.43  0.00
23.45  0.00
23.47  0.00
23.48  0.00
23.50  0.00
23.52  0.00
23.53  0.00
23.55  0.00
23.57  0.00
23.58  0.00
23.60  0.00
23.62  0.00
23.63  0.00
23.65  0.00
23.67  0.00
23.68  0.00
23.70  0.00
23.72  0.00
23.73  0.00
23.75  0.00
23.77  0.00
23.78  0.00
23.80  0.00
23.82  0.00
23.83  0.00
23.85  0.00
23.87  0.00
23.88  0.00
23.90  0.00
23.92  0.00
23.93  0.00
23.95  0.00
23.97  0.00
23.98  0.00
14.82  3.40
14.83  3.42
14.85  3.44
14.87  3.45
14.88  3.44
14.90  3.44
14.92  3.44
14.93  3.43
14.95  3.47
14.97  3.48
14.98  3.46
15.00  3.42
15.02  3.40
15.03  3.37
15.05  3.34
15.07  3.33
15.08  3.30
15.10  3.31
15.12  3.29
15.13  3.26
15.15  3.22
15.17  3.25
15.18  3.28
15.20  3.35
15.22  3.39
15.23  3.40
15.25  3.40
15.27  3.39
15.28  3.38
15.30  3.34
15.32  3.30
15.33  3.24
15.35  3.21
15.37  3.19
15.38  3.19
15.40  3.17
15.42  3.12
15.43  3.13
15.45  3.13
15.47  3.13
15.48  3.07
15.50  3.08
15.52  3.15
15.53  3.20
15.55  3.22
15.57  3.22
15.58  3.21
15.60  3.19
15.62  3.18
15.63  3.16
15.65  3.15
15.67  3.13
15.68  3.12
15.70  3.11
15.72  3.09
15.73  3.08
15.75  3.06
15.77  3.05
15.78  3.03
15.80  3.02
15.82  3.01
15.83  2.99
15.85  2.98
15.87  2.97
15.88  2.95
15.90  2.94
15.92  2.93
15.93  2.92
15.95  2.91
15.97  2.90
15.98  2.89
16.00  2.88
16.02  2.87
16.03  2.86
16.05  2.85
16.07  2.85
16.08  2.84
16.10  2.83
16.12  2.83
16.13  2.82
16.15  2.81
16.17  2.81
16.18  2.80
16.20  2.80
16.22  2.79
16.23  2.79
16.25  2.78
16.27  2.78
16.28  2.77
16.30  2.77
16.32  2.76
16.33  2.76
16.35  2.76
16.37  2.74
16.38  2.73
16.40  2.73
16.42  2.72
16.43  2.72
16.45  2.71
16.47  2.70
16.48  2.69
16.50  2.66
16.52  2.56
16.53  2.43
16.55  2.39
16.57  2.40
16.58  2.42
16.60  2.44
16.62  2.52
16.63  2.58
16.65  2.63
16.67  2.71
16.68  2.82
16.70  2.88
16.72  2.93
16.73  2.96
16.75  2.99
16.77  3.02
16.78  3.01
16.80  3.02
16.82  3.01
16.83  3.00
16.85  2.98
16.87  2.96
16.88  2.94
16.90  2.92
16.92  2.90
16.93  2.88
16.95  2.85
16.97  2.83
16.98  2.81
17.00  2.79
17.02  2.77
17.03  2.75
17.05  2.74
17.07  2.73
17.08  2.72
17.10  2.71
17.12  2.70
17.13  2.69
17.15  2.68
17.17  2.67
17.18  2.66
17.20  2.66
17.22  2.65
17.23  2.64
17.25  2.64
17.27  2.64
17.28  2.63
17.30  2.63
17.32  2.62
17.33  2.62
17.35  2.62
17.37  2.61
17.38  2.61
17.40  2.61
17.42  2.60
17.43  2.60
17.45  2.60
17.47  2.59
17.48  2.59
17.50  2.59
17.52  2.58
17.53  2.58
17.55  2.58
17.57  2.58
17.58  2.58
17.60  2.58
17.62  2.57
17.63  2.57
17.65  2.57
17.67  2.57
17.68  2.56
17.70  2.56
17.72  2.56
17.73  2.56
17.75  2.55
17.77  2.55
17.78  2.55
17.80  2.55
17.82  2.54
17.83  2.54
17.85  2.54
17.87  2.54
17.88  2.54
17.90  2.54
17.92  2.54
17.93  2.54
17.95  2.53
17.97  2.52
17.98  2.53
18.00  2.53
18.02  2.54
18.03  2.53
18.05  2.53
18.07  2.53
18.08  2.53
18.10  2.53
18.12  2.53
18.13  2.52
18.15  2.52
18.17  2.52
18.18  2.52
18.20  2.51
18.22  2.51
18.23  2.50
18.25  2.50
18.27  2.51
18.28  2.51
18.30  2.50
18.32  2.50
18.33  2.50
18.35  2.49
18.37  2.49
18.38  2.49
18.40  2.49
18.42  2.49
18.43  2.48
18.45  2.48
18.47  2.48
18.48  2.48
18.50  2.48
18.52  2.48
18.53  2.48
18.55  2.47
18.57  2.47
18.58  2.47
18.60  2.47
18.62  2.47
18.63  2.47
18.65  2.47
18.67  2.47
18.68  2.47
18.70  2.47
18.72  2.47
18.73  2.46
18.75  2.47
18.77  2.47
18.78  2.47
18.80  2.47
18.82  2.47
18.83  2.47
18.85  2.47
18.87  2.48
18.88  2.48
18.90  2.48
18.92  2.48
18.93  2.49
18.95  2.49
18.97  2.48
18.98  2.48
19.00  2.48
19.02  2.47
19.03  2.47
19.05  2.46
19.07  2.45
19.08  2.45
19.10  2.44
19.12  2.44
19.13  2.43
19.15  2.43
19.17  2.43
19.18  2.42
19.20  2.42
19.22  2.42
19.23  2.41
19.25  2.41
19.27  2.41
19.28  2.41
19.30  2.40
19.32  2.40
19.33  2.40
19.35  2.40
19.37  2.40
19.38  2.39
19.40  2.39
19.42  2.39
19.43  2.39
19.45  2.39
19.47  2.40
19.48  2.42
19.50  2.51
19.52  2.70
19.53  2.79
19.55  2.73
19.57  2.54
19.58  2.39
19.60  2.37
19.62  2.37
19.63  2.36
19.65  2.36
19.67  2.36
19.68  2.36
19.70  2.35
19.72  2.35
19.73  2.35
19.75  2.35
19.77  2.34
19.78  2.34
19.80  2.34
19.82  2.34
19.83  2.33
19.85  2.33
19.87  2.32
19.88  2.32
19.90  2.32
19.92  2.32
19.93  2.31
19.95  2.31
19.97  2.31
19.98  2.31
20.00  2.30
20.02  2.30
20.03  2.30
20.05  2.29
20.07  2.29
20.08  2.29
20.10  2.29
20.12  2.28
20.13  2.28
20.15  2.27
20.17  2.27
20.18  2.27
20.20  2.26
20.22  2.26
20.23  2.26
20.25  2.25
20.27  2.25
20.28  2.25
20.30  2.25
20.32  2.24
20.33  2.24
20.35  2.23
20.37  2.23
20.38  2.22
20.40  2.22
20.42  2.22
20.43  2.21
20.45  2.21
20.47  2.20
20.48  2.20
20.50  2.19
20.52  2.18
20.53  2.18
20.55  2.17
20.57  2.16
20.58  2.16
20.60  2.15
20.62  2.15
20.63  2.14
20.65  2.13
20.67  2.13
20.68  2.12
20.70  2.11
20.72  2.10
20.73  2.09
20.75  2.09
20.77  2.08
20.78  2.07
20.80  2.06
20.82  2.05
20.83  2.04
20.85  2.02
20.87  2.01
20.88  2.00
20.90  1.99
20.92  1.98
20.93  1.97
20.95  1.97
20.97  1.95
20.98  1.94
21.00  1.92
21.02  1.91
21.03  1.89
21.05  1.88
21.07  1.86
21.08  1.84
21.10  1.82
21.12  1.80
21.13  1.79
21.15  1.77
21.17  1.75
21.18  1.72
21.20  1.69
21.22  1.67
21.23  1.65
21.25  1.63
21.27  1.60
21.28  1.58
21.30  1.55
21.32  1.53
21.33  1.50
21.35  1.47
21.37  1.44
21.38  1.40
21.40  1.37
21.42  1.32
21.43  1.27
21.45  1.21
21.47  1.15
21.48  1.08
21.50  1.02
21.52  0.96
21.53  0.90
21.55  0.84
21.57  0.79
21.58  0.73
21.60  0.68
21.62  0.62
21.63  0.57
21.65  0.52
21.67  0.48
21.68  0.43
21.70  0.39
21.72  0.35
21.73  0.31
21.75  0.27
21.77  0.24
21.78  0.21
21.80  0.18
21.82  0.15
21.83  0.13
21.85  0.10
21.87  0.09
21.88  0.07
21.90  0.06
21.92  0.05
21.93  0.03
21.95  0.03
21.95  0.02
21.97  0.01
21.98  0.00
22.00  0.00
22.02  0.00
22.03  0.00
22.05  0.00
22.07  0.00
22.08  0.00
22.10  0.00
22.12  0.00
22.13  0.00
22.15  0.00
22.17  0.00
22.18  0.00
22.20  0.00
22.22  0.00
22.23  0.00
22.25  0.00
22.27  0.00
22.28  0.00
22.30  0.00
22.32  0.00
22.33  0.00
22.35  0.00
22.37  0.00
22.38  0.00
22.40  0.00
22.42  0.00
22.43  0.00
22.45  0.00
22.47  0.00
22.48  0.00
22.50  0.00
22.52  0.00
22.53  0.00
22.55  0.00
22.57  0.00
22.58  0.00
22.60  0.00
22.62  0.00
22.63  0.00
22.65  0.00
22.67  0.00
22.68  0.00
22.70  0.00
22.72  0.00
22.73  0.00
22.75  0.00
22.77  0.00
22.78  0.00
22.80  0.00
22.82  0.00
22.83  0.00
22.85  0.00
22.87  0.00
22.88  0.00
22.90  0.00
22.92  0.00
22.93  0.00
22.95  0.00
22.97  0.00
22.98  0.00
23.00  0.00
23.02  0.00
23.03  0.00
23.05  0.00
23.07  0.00
23.08  0.00
23.10  0.00
23.12  0.00
23.13  0.00
23.15  0.00
23.17  0.00
23.18  0.00
23.20  0.00
23.22  0.00
23.23  0.00
23.25  0.00
23.27  0.00
23.28  0.00
23.30  0.00
23.32  0.00
23.33  0.00
23.35  0.00
23.37  0.00
23.38  0.00
23.40  0.00
23.42  0.00
23.43  0.00
23.45  0.00
23.47  0.00
23.48  0.00
23.50  0.00
23.52  0.00
23.53  0.00
23.55  0.00
23.57  0.00
23.58  0.00
23.60  0.00
23.62  0.00
23.63  0.00
23.65  0.00
23.67  0.00
23.68  0.00
23.70  0.00
23.72  0.00
23.73  0.00
23.75  0.00
23.77  0.00
23.78  0.00
23.80  0.00
23.82  0.00
23.83  0.00
23.85  0.00
23.87  0.00
23.88  0.00
23.90  0.00
23.92  0.00
23.93  0.00
23.95  0.00
23.97  0.00
23.98  0.00

