genericdec-3.60   40.157   5   20150.00  0.000.02  0.000.03  0.000.05  0.000.07  0.000.08  0.000.10  0.000.12  0.000.13  0.000.15  0.000.17  0.000.18  0.000.20  0.000.22  0.000.23  0.000.25  0.000.27  0.000.28  0.000.30  0.000.32  0.000.33  0.000.35  0.000.37  0.000.38  0.000.40  0.000.42  0.000.43  0.000.45  0.000.47  0.000.48  0.000.50  0.000.52  0.000.53  0.000.55  0.000.57  0.000.58  0.000.60  0.000.62  0.000.63  0.000.65  0.000.67  0.000.68  0.000.70  0.000.72  0.000.73  0.000.75  0.000.77  0.000.78  0.000.80  0.000.82  0.000.83  0.000.85  0.000.87  0.000.88  0.000.90  0.000.92  0.000.93  0.000.95  0.000.97  0.000.98  0.001.00  0.001.02  0.001.03  0.001.05  0.001.07  0.001.08  0.001.10  0.001.12  0.001.13  0.001.15  0.001.17  0.001.18  0.001.20  0.001.22  0.001.23  0.001.25  0.001.27  0.001.28  0.001.30  0.001.32  0.001.33  0.001.35  0.001.37  0.001.38  0.001.40  0.001.42  0.001.43  0.001.45  0.001.47  0.001.48  0.001.50  0.001.52  0.001.53  0.001.55  0.001.57  0.001.58  0.001.60  0.001.62  0.001.63  0.001.65  0.001.67  0.001.68  0.001.70  0.001.72  0.001.73  0.001.75  0.001.77  0.001.78  0.001.80  0.001.82  0.001.83  0.001.85  0.001.87  0.001.88  0.001.90  0.001.92  0.001.93  0.001.95  0.001.97  0.001.98  0.002.00  0.002.02  0.002.03  0.002.05  0.002.07  0.002.08  0.002.10  0.002.12  0.002.13  0.002.15  0.002.17  0.002.18  0.002.20  0.002.22  0.002.23  0.002.25  0.002.27  0.002.28  0.002.30  0.002.32  0.002.33  0.002.35  0.002.37  0.002.38  0.002.40  0.002.42  0.002.43  0.002.45  0.002.47  0.002.48  0.002.50  0.002.52  0.002.53  0.002.55  0.002.57  0.002.58  0.002.60  0.002.62  0.002.63  0.002.65  0.002.67  0.002.68  0.002.70  0.002.72  0.002.73  0.002.75  0.002.77  0.002.78  0.002.80  0.002.82  0.002.83  0.002.85  0.002.87  0.002.88  0.002.90  0.002.92  0.002.93  0.002.95  0.002.97  0.002.98  0.003.00  0.003.02  0.003.03  0.003.05  0.003.07  0.003.08  0.003.10  0.003.12  0.003.13  0.003.15  0.003.17  0.003.18  0.003.20  0.003.22  0.003.23  0.003.25  0.003.27  0.003.28  0.003.30  0.003.32  0.003.33  0.003.35  0.003.37  0.003.38  0.003.40  0.003.42  0.003.43  0.003.45  0.003.47  0.003.48  0.003.50  0.003.52  0.003.53  0.003.55  0.003.57  0.003.58  0.003.60  0.003.62  0.003.63  0.003.65  0.003.67  0.003.68  0.003.70  0.003.72  0.003.73  0.003.75  0.003.77  0.003.78  0.003.80  0.003.82  0.003.83  0.003.85  0.003.87  0.003.88  0.003.90  0.003.92  0.003.93  0.003.95  0.003.97  0.003.98  0.004.00  0.004.02  0.004.03  0.004.05  0.004.07  0.004.08  0.004.08  0.004.10  0.004.12  0.004.13  0.004.15  0.004.17  0.004.18  0.004.20  0.004.22  0.004.23  0.004.25  0.004.27  0.004.28  0.004.30  0.004.32  0.004.33  0.004.35  0.004.37  0.004.38  0.004.40  0.004.42  0.004.43  0.004.45  0.004.47  0.004.48  0.004.50  0.004.52  0.00
4.53  0.01
4.55  0.01
4.57  0.02
4.58  0.03
4.60  0.03
4.62  0.04
4.63  0.05
4.65  0.06
4.67  0.07
4.68  0.09
4.70  0.11
4.72  0.13
4.73  0.16
4.75  0.19
4.77  0.22
4.78  0.26
4.80  0.29
4.82  0.32
4.83  0.35
4.85  0.39
4.87  0.42
4.88  0.46
4.90  0.50
4.92  0.55
4.93  0.59
4.95  0.63
4.97  0.68
4.98  0.73
5.00  0.78
5.02  0.83
5.03  0.89
5.05  0.95
5.07  1.01
5.08  1.07
5.10  1.12
5.12  1.18
5.13  1.26
5.15  1.33
5.17  1.41
5.18  1.52
5.20  1.63
5.22  1.67
5.23  1.85
5.25  1.96
5.27  1.82
5.28  1.81
5.30  1.88
5.32  1.96
5.33  2.11
5.35  2.26
5.37  2.36
5.38  2.52
5.40  2.76
5.42  2.94
5.43  3.01
5.45  3.05
5.47  3.07
5.48  3.12
5.50  3.17
5.52  3.20
5.53  3.23
5.55  3.25
5.57  3.26
5.58  3.30
5.60  3.31
5.62  3.33
5.63  3.34
5.65  3.39
5.67  3.41
5.68  3.38
5.70  3.41
5.72  3.46
5.73  3.49
5.75  3.51
5.77  3.52
5.78  3.53
5.80  3.48
5.82  3.47
5.83  3.49
5.85  3.53
5.87  3.50
5.88  3.46
5.90  3.47
5.92  3.51
5.93  3.51
5.95  3.60
5.97  3.67
5.98  3.68
6.00  3.57
6.02  3.69
6.03  3.71
6.05  3.71
6.07  3.63
6.08  3.55
6.10  3.57
6.12  3.53
6.13  3.54
6.15  3.42
6.17  3.40
6.18  3.40
6.20  3.37
6.22  3.36
6.23  3.37
6.25  3.35
6.27  3.36
6.28  3.31
6.30  3.29
6.32  3.29
6.33  3.30
6.35  3.30
6.37  3.30
6.38  3.30
6.40  3.30
6.42  3.31 
6.43  3.31 
6.45  3.32 
6.47  3.32 
6.48  3.33 
6.50  3.33 
6.52  3.33 
6.53  3.34 
6.55  3.35 
6.57  3.37
6.58  3.39
6.60  3.39
6.62  3.40
6.63  3.41
6.65  3.42
6.67  3.42
6.68  3.43
6.70  3.43
6.72  3.45
6.73  3.47
6.75  3.48
6.77  3.50
6.78  3.49
6.80  3.51
6.82  3.53
6.83  3.57
6.85  3.63
6.87  3.63
6.88  3.68
6.90  3.70
6.92  3.72
6.93  3.71
6.95  3.72
6.97  3.75
6.98  3.68
7.00  3.66
7.02  3.68
7.03  3.71
7.05  3.72
7.07  3.71
7.08  3.70
7.10  3.73
7.12  3.73
7.13  3.74
7.15  3.74
7.17  3.73
7.18  3.71
7.20  3.72 
7.22  3.73
7.23  3.71
7.23  3.74
7.25  3.79
7.27  3.78
7.28  3.79
7.30  3.83
7.32  3.84
7.33  3.85
7.35  3.85
7.37  3.86
7.38  3.87
7.40  3.87
7.42  3.91
7.43  3.88
7.45  3.91
7.47  3.92
7.48  3.89
7.50  3.91
7.52  3.95
7.53  3.93
7.55  3.98
7.57  4.02
7.58  4.01
7.60  4.00
7.62  3.96
7.63  3.98
7.65  3.95
7.67  4.03
7.68  4.00
7.70  4.02
7.72  3.98
7.73  4.05
7.75  4.05
7.77  4.01
7.78  4.05
7.80  4.10
7.82  3.97
7.83  3.97
7.85  3.91
7.87  3.90
7.88  4.02
7.90  3.91
7.92  3.85
7.93  3.84
7.95  3.86
7.97  3.92
7.98  3.90
8.00  3.98
8.02  4.02
8.03  4.07
8.05  3.96
8.07  4.02
8.08  3.99
8.10  3.96
8.12  4.02
8.13  3.96
8.15  3.95
8.17  4.01
8.18  3.99
8.20  4.09
8.22  4.11
8.23  3.94
8.25  3.91
8.27  4.02
8.28  4.00
8.30  3.99
8.32  4.04
8.33  4.07
8.35  4.06
8.37  4.10
8.38  4.15
8.40  4.15
8.42  4.12
8.43  4.00
8.45  4.06
8.47  4.18
8.48  4.15
8.50  4.08
8.52  4.13
8.53  4.17
8.55  4.16
8.57  4.00
8.58  3.97
8.60  4.01
8.62  4.06
8.63  4.08
8.65  4.06
8.67  4.09
8.68  4.04
8.70  4.06
8.72  4.10
8.73  4.08
8.75  4.04
8.77  4.03
8.78  4.08
8.80  4.11
8.82  4.07
8.83  4.10
8.85  4.17
8.87  4.14
8.88  4.15
8.90  4.11
8.92  4.06
8.93  4.08
8.95  4.06
8.97  4.08
8.98  4.11
9.00  4.10
9.02  4.05
9.03  4.09
9.05  4.04
9.07  4.02
9.08  4.02
9.10  4.01
9.12  3.99
9.13  4.02
9.15  4.03
9.17  4.02
9.18  4.02
9.20  4.05
9.22  4.15
9.23  4.27
9.25  4.28
9.27  4.30
9.28  4.27
9.30  4.25
9.32  4.25
9.33  4.25
9.35  4.24
9.37  4.25
9.38  4.23
9.40  4.23
9.42  4.28
9.43  4.30
9.45  4.30
9.47  4.27
9.48  4.29
9.50  4.25
9.52  4.25
9.53  4.22
9.55  4.26
9.57  4.27
9.58  4.29
9.60  4.24
9.62  4.19
9.63  4.20
9.65  4.20
9.67  4.26
9.68  4.19
9.70  4.15
9.72  4.18
9.73  4.19
9.75  4.20
9.77  4.20
9.78  4.19 
9.80  4.19
9.82  4.20
9.83  4.24 
9.85  4.24
9.87  4.20
9.88  4.26
9.90  4.22
9.92  4.20
9.93  4.22
9.95  4.24
9.97  4.25
9.98  4.28
10.00  4.25
10.02  4.23
10.03  4.26
10.05  4.22
10.07  4.21
10.08  4.25
10.10  4.27
10.12  4.25
10.13  4.25
10.15  4.25
10.17  4.24
10.18  4.26
10.20  4.28
10.22  4.27
10.23  4.27
10.25  4.27
10.27  4.24
10.28  4.24
10.30  4.23
10.32  4.24
10.33  4.23
10.35  4.24
10.37  4.25
10.38  4.25
10.40  4.24
10.42  4.26
10.43  4.25
10.45  4.25
10.47  4.26
10.48  4.26
10.50  4.23
10.52  4.27
10.53  4.26
10.55  4.26
10.57  4.24
10.58  4.25
10.60  4.24
10.62  4.27
10.63  4.26
10.65  4.26
10.67  4.26
10.68  4.26
10.70  4.26
10.72  4.26
10.73  4.26
10.75  4.26
10.77  4.26
10.78  4.26
10.80  4.26
10.82  4.26
10.83  4.27
10.85  4.26
10.87  4.26
10.88  4.26
10.90  4.26
10.92  4.25
10.93  4.26
10.95  4.26
10.97  4.26
10.98  4.26
11.00  4.26
11.02  4.26
11.03  4.26
11.05  4.25
11.07  4.26
11.08  4.24
11.10  4.21
11.12  4.24
11.13  4.23
11.15  4.25
11.17  4.24
11.18  4.25
11.20  4.25
11.22  4.26
11.23  4.24
11.25  4.24
11.27  4.26
11.28  4.25
11.30  4.24
11.32  4.03
11.33  3.37
11.35  3.18
11.37  3.14
11.38  3.11
11.40  3.11
11.42  3.09
11.43  3.08
11.45  3.06
11.47  3.06
11.48  3.04
11.50  3.02
11.52  3.03
11.53  3.04
11.55  3.04
11.57  3.03
11.58  3.04
11.60  3.03 
11.62  3.03 
11.63  3.03 
11.65  3.00 
11.67  3.02 
11.68  3.02 
11.70  3.01 
11.72  3.01 
11.73  3.02 
11.75  3.00 
11.77  3.01 
11.78  3.01 
11.80  2.96 
11.82  2.95 
11.83  2.95 
11.85  2.95 
11.87  2.94 
11.88  2.94 
11.90  2.93 
11.92  2.92 
11.93  2.92 
11.95  2.91
11.97  2.91 
11.98  2.91 
12.00  2.91 
12.02  2.90 
12.03  2.90 
12.05  2.89 
12.07  2.89 
12.08  2.88 
12.10  2.87 
12.12  2.87 
12.13  2.86 
12.15  2.86 
12.17  2.86
12.18  2.85
12.20  2.85
12.22  2.84 
12.23  2.84 
12.25  2.84 
12.27  2.84 
12.28  2.83 
12.30  2.83 
12.32  2.83 
12.33  2.82 
12.35  2.82 
12.37  2.81 
12.38  2.81 
12.40  2.81 
12.42  2.80 
12.43  2.80 
12.45  2.79 
12.47  2.79 
12.48  2.78 
12.50  2.78 
12.52  2.78 
12.53  2.77
12.55  2.77 
12.57  2.77
12.58  2.76 
12.60  2.76
12.62  2.76
12.63  2.75
12.65  2.75
12.67  2.75
12.68  2.74
12.70  2.74
12.72  2.74
12.73  2.74
12.75  2.73
12.77  2.73
12.78  2.72
12.80  2.72
12.82  2.72
12.83  2.72
12.85  2.71
12.87  2.71
12.88  2.71
12.90  2.71
12.92  2.70
12.93  2.70
12.95  2.69
12.97  2.69
12.98  2.68
13.00  2.68
13.02  2.68
13.03  2.67
13.05  2.67
13.07  2.67
13.08  2.67
13.10  2.67
13.12  2.67
13.13  2.66
13.15  2.66
13.17  2.66
13.18  2.66
13.20  2.65
13.22  2.65
13.23  2.65
13.25  2.65
13.27  2.65
13.28  2.65
13.30  2.65
13.32  2.66
13.33  2.66
13.35  2.65
13.37  2.65
13.38  2.66 
13.40  2.65
13.42  2.64
13.43  2.64
13.45  2.63
13.47  2.62
13.48  2.62
13.50  2.61
13.52  2.61
13.53  2.61
13.55  2.61
13.57  2.61
13.58  2.61
13.60  2.61
13.62  2.61
13.63  2.60
13.65  2.59
13.67  2.59
13.68  2.59
13.70  2.59
13.72  2.58
13.73  2.58
13.75  2.58
13.77  2.57
13.78  2.57
13.80  2.56
13.82  2.55
13.83  2.54
13.85  2.54
13.87  2.53
13.88  2.53
13.90  2.53
13.92  2.52
13.93  2.52
13.95  2.52
13.97  2.51
13.98  2.51
14.00  2.50
14.02  2.50
14.03  2.50
14.05  2.50
14.07  2.49
14.08  2.49
14.10  2.49
14.12  2.49
14.13  2.48
14.15  2.48
14.17  2.47
14.18  2.47
14.20  2.47
14.22  2.47
14.23  2.47
14.25  2.46
14.27  2.46
14.28  2.46
14.30  2.46
14.32  2.45
14.33  2.45
14.35  2.45
14.37  2.44
14.38  2.44
14.40  2.44
14.42  2.44
14.43  2.44
14.45  2.44
14.47  2.43
14.48  2.43
14.50  2.43 
14.52  2.43
14.53  2.43
14.55  2.43
14.57  2.43
14.58  2.42
14.60  2.42
14.62  2.42
14.63  2.42
14.65  2.42
14.67  2.42
14.68  2.42
14.70  2.42
14.72  2.42
14.73  2.42
14.75  2.42
14.77  2.41
14.78  2.41
14.80  2.41
14.82  2.41
14.83  2.41
14.85  2.41
14.87  2.41
14.88  2.41
14.90  2.41
14.92  2.41
14.93  2.41
14.95  2.40
14.97  2.40
14.98  2.40
15.00  2.40
15.02  2.40
15.03  2.40
15.05  2.40
15.07  2.40
15.08  2.40
15.10  2.40
15.12  2.40
15.13  2.40
15.15  2.39
15.17  2.39
15.18  2.39
15.20  2.39
15.22  2.39
15.23  2.39
15.25  2.39
15.27  2.39
15.28  2.39
15.30  2.38
15.32  2.38
15.33  2.38
15.35  2.38
15.37  2.38
15.38  2.38
15.40  2.38
15.42  2.38
15.43  2.37
15.45  2.37
15.47  2.37
15.48  2.37
15.50  2.37
15.52  2.37
15.53  2.37
15.55  2.36
15.57  2.36
15.58  2.36
15.60  2.36
 
15.62  2.36
 
15.63  2.36
 
15.65  2.35
 
15.67  2.35
 
15.68  2.35
 
15.70  2.35
 
15.72  2.35
 
15.73  2.35
 
15.75  2.35
 
15.77  2.35
 
15.78  2.35
 
15.80  2.35
 
15.82  2.35
 
15.83  2.34
 
15.85  2.34
 
15.87  2.34
 
15.88  2.34
 
15.90  2.34
15.92  2.34
15.93  2.34
15.95  2.34
15.97  2.34
15.98  2.34
16.00  2.33
16.02  2.33
16.03  2.33
16.05  2.33
16.07  2.33
16.08  2.33
16.10  2.33
16.12  2.33
16.13  2.33
16.15  2.33
16.17  2.32
16.18  2.32
16.20  2.32
16.22  2.32
16.23  2.32
16.25  2.32
16.27  2.31
16.28  2.31
16.30  2.31
16.32  2.31
16.33  2.31
16.35  2.31
16.37  2.05
16.38  2.01
16.40  2.27
16.42  2.27
16.43  2.27
16.45  2.29
16.47  2.30
16.48  2.30
16.50  2.30
16.52  2.29
16.53  2.29
16.55  2.29
16.57  2.29
16.58  2.29
16.60  2.29
16.62  2.29
16.63  2.29
16.65  2.29
16.67  2.29
16.68  2.29
16.70  2.29
16.72  2.29
16.73  2.28
16.75  2.28
16.77  2.28
16.78  2.28
16.80  2.28
16.82  2.27
16.83  2.27 
16.85  2.27
16.87  2.27
16.88  2.26
16.90  2.26
16.92  2.26
16.93  2.26
16.95  2.26
16.97  2.26
16.98  2.26
17.00  2.26
17.02  2.25
17.03  2.25
17.05  2.25
17.07  2.25
17.08  2.25
17.10  2.25
17.12  2.24
17.13  2.24
17.15  2.24
17.17  2.24
17.18  2.24
17.20  2.23
17.22  2.23
17.23  2.23
17.25  2.23
17.27  2.23
17.28  2.23
17.30  2.22
17.32  2.22
17.33  2.22
17.35  2.22
17.37  2.22
17.38  2.21
17.40  2.21
17.42  2.21
17.43  2.20
17.45  2.20
17.47  2.20
17.48  2.20
17.50  2.19
17.52  2.19
17.53  2.20
17.55  2.19
17.57  2.19
17.58  2.18
17.60  2.18
17.62  2.18
17.63  2.18
17.65  2.18
17.67  2.17
17.68  2.17
17.70  2.16
17.72  2.16
17.73  2.16
17.75  2.15
17.77  2.15
17.78  2.14
17.80  2.14
17.82  2.13
17.83  2.13
17.85  2.12
17.87  2.11
17.88  2.11
17.90  2.10
17.92  2.10
17.93  2.09
17.95  2.09
17.97  2.08
17.98  2.07
18.00  2.07
18.02  2.06
18.03  2.05
18.05  2.04
18.07  2.04
18.08  2.03
18.10  2.02
18.12  2.01
18.13  2.00
18.15  1.99
18.17  1.98
18.18  1.97
18.20  1.96
18.22  1.95
18.23  1.95
18.25  1.94
18.27  1.93
18.28  1.92
18.30  1.91
18.32  1.90
18.33  1.89
18.35  1.88
18.37  1.87
18.38  1.86
18.40  1.85
18.42  1.84
18.43  1.82
18.45  1.81
18.47  1.80
18.48  1.79
18.50  1.77
18.52  1.76
18.53  1.74
18.55  1.73
18.57  1.71
18.58  1.70
18.60  1.68
18.62  1.67
18.63  1.65
18.65  1.63
18.67  1.61
18.68  1.59
18.70  1.57
18.72  1.55
18.73  1.53
18.75  1.50
18.77  1.48
18.78  1.45
18.80  1.42
18.82  1.40
18.83  1.37
18.85  1.34
18.87  1.31
18.88  1.27
18.90  1.24
18.92  1.20
18.93  1.17
18.95  1.13
18.97  1.09
18.98  1.04
19.00  1.00
19.02  0.96
19.03  0.91
19.05  0.87
19.07  0.82
19.08  0.77
19.10  0.72
19.12  0.67
19.13  0.63
19.15  0.58
19.17  0.53
19.18  0.49
19.20  0.44
19.22  0.40
19.23  0.36
19.25  0.32
19.27  0.28
19.28  0.24
19.30  0.21
19.32  0.18
19.33  0.15 
19.35  0.13
19.37  0.11
19.38  0.09
19.40  0.07
19.42  0.06
19.43  0.05
19.45  0.04 
19.47  0.03
19.48  0.02
19.50  0.01
19.52  0.01
19.53  0.0019.55  0.0019.57  0.0019.58  0.0019.60  0.0019.62  0.0019.63  0.0019.65  0.0019.67  0.0019.68  0.0019.70  0.0019.72  0.0019.73  0.0019.75  0.0019.77  0.0019.78  0.0019.80  0.0019.82  0.0019.83  0.0019.85  0.0019.87  0.0019.88  0.0019.90  0.0019.92  0.0019.93  0.0019.95  0.0019.97  0.0019.98  0.0020.00  0.0020.02  0.0020.03  0.0020.05  0.0020.07  0.0020.08  0.0020.10  0.0020.12  0.0020.13  0.0020.15  0.0020.17  0.0020.18  0.0020.20  0.0020.22  0.0020.23  0.0020.25  0.0020.27  0.0020.28  0.0020.30  0.0020.32  0.0020.33  0.0020.35  0.0020.37  0.0020.38  0.0020.40  0.0020.42  0.0020.43  0.0020.45  0.0020.47  0.0020.48  0.0020.50  0.0020.52  0.0020.53  0.0020.55  0.0020.57  0.0020.58  0.0020.60  0.0020.62  0.0020.63  0.0020.65  0.0020.67  0.0020.68  0.0020.70  0.0020.72  0.0020.73  0.0020.75  0.0020.77  0.0020.78  0.0020.80  0.0020.82  0.0020.83  0.0020.85  0.0020.87  0.0020.88  0.0020.90  0.0020.92  0.0020.93  0.0020.95  0.0020.97  0.0020.98  0.0021.00  0.0021.02  0.0021.03  0.0021.05  0.0021.07  0.0021.08  0.0021.10  0.0021.12  0.0021.13  0.0021.15  0.0021.17  0.0021.18  0.0021.20  0.0021.22  0.0021.23  0.0021.25  0.0021.27  0.0021.28  0.0021.30  0.0021.32  0.0021.33  0.0021.35  0.0021.37  0.0021.38  0.0021.40  0.0021.42  0.0021.43  0.0021.45  0.0021.47  0.0021.48  0.0021.50  0.0021.52  0.0021.53  0.0021.55  0.0021.57  0.0021.58  0.0021.60  0.0021.62  0.0021.63  0.0021.65  0.0021.67  0.0021.68  0.0021.70  0.0021.72  0.0021.73  0.0021.75  0.0021.77  0.0021.78  0.0021.80  0.0021.82  0.0021.83  0.0021.85  0.0021.87  0.0021.88  0.0021.90  0.0021.92  0.0021.93  0.0021.95  0.0021.97  0.0021.98  0.0022.00  0.0022.02  0.0022.03  0.0022.05  0.0022.07  0.0022.08  0.0022.10  0.0022.12  0.0022.13  0.0022.15  0.0022.17  0.0022.18  0.0022.20  0.0022.22  0.0022.23  0.0022.25  0.0022.27  0.0022.28  0.0022.30  0.0022.32  0.0022.33  0.0022.35  0.0022.37  0.0022.38  0.0022.40  0.0022.42  0.0022.43  0.0022.45  0.0022.47  0.0022.48  0.0022.50  0.0022.52  0.0022.53  0.0022.55  0.0022.57  0.0022.58  0.0022.60  0.0022.62  0.0022.63  0.0022.65  0.0022.67  0.0022.68  0.0022.70  0.0022.72  0.0022.73  0.0022.75  0.0022.77  0.0022.78  0.0022.80  0.0022.82  0.0022.83  0.0022.85  0.0022.87  0.0022.88  0.0022.90  0.0022.92  0.0022.93  0.0022.95  0.0022.97  0.0022.98  0.0023.00  0.0023.02  0.0023.03  0.0023.05  0.0023.07  0.0023.08  0.0023.10  0.0023.12  0.0023.13  0.0023.15  0.0023.17  0.0023.18  0.0023.20  0.0023.22  0.0023.23  0.0023.25  0.0023.27  0.0023.28  0.0023.30  0.0023.32  0.0023.33  0.0023.35  0.0023.37  0.0023.38  0.0023.40  0.0023.42  0.0023.43  0.0023.45  0.0023.47  0.0023.48  0.0023.50  0.0023.52  0.0023.53  0.0023.55  0.0023.57  0.0023.58  0.0023.60  0.0023.62  0.0023.63  0.0023.65  0.0023.67  0.0023.68  0.0023.70  0.0023.72  0.0023.73  0.0023.75  0.0023.77  0.0023.78  0.0023.80  0.0023.82  0.0023.83  0.0023.85  0.0023.87  0.0023.88  0.0023.90  0.0023.92  0.0023.93  0.0023.95  0.0023.97  0.0023.98  0.00