genericdec
-3.60   40.15
8   5   2015
0.00  0.00
0.02  0.00
0.03  0.00
0.05  0.00
0.07  0.00
0.08  0.00
0.10  0.00
0.12  0.00
0.13  0.00
0.15  0.00
0.17  0.00
0.18  0.00
0.20  0.00
0.22  0.00
0.23  0.00
0.25  0.00
0.27  0.00
0.28  0.00
0.30  0.00
0.32  0.00
0.33  0.00
0.35  0.00
0.37  0.00
0.38  0.00
0.40  0.00
0.42  0.00
0.43  0.00
0.45  0.00
0.47  0.00
0.48  0.00
0.50  0.00
0.52  0.00
0.53  0.00
0.55  0.00
0.57  0.00
0.58  0.00
0.60  0.00
0.62  0.00
0.63  0.00
0.65  0.00
0.67  0.00
0.68  0.00
0.70  0.00
0.72  0.00
0.73  0.00
0.75  0.00
0.77  0.00
0.78  0.00
0.80  0.00
0.82  0.00
0.83  0.00
0.85  0.00
0.87  0.00
0.88  0.00
0.90  0.00
0.92  0.00
0.93  0.00
0.95  0.00
0.97  0.00
0.98  0.00
1.00  0.00
1.02  0.00
1.03  0.00
1.05  0.00
1.07  0.00
1.08  0.00
1.10  0.00
1.12  0.00
1.13  0.00
1.15  0.00
1.17  0.00
1.18  0.00
1.20  0.00
1.22  0.00
1.23  0.00
1.25  0.00
1.27  0.00
1.28  0.00
1.30  0.00
1.32  0.00
1.33  0.00
1.35  0.00
1.37  0.00
1.38  0.00
1.40  0.00
1.42  0.00
1.43  0.00
1.45  0.00
1.47  0.00
1.48  0.00
1.50  0.00
1.52  0.00
1.53  0.00
1.55  0.00
1.57  0.00
1.58  0.00
1.60  0.00
1.62  0.00
1.63  0.00
1.65  0.00
1.67  0.00
1.68  0.00
1.70  0.00
1.72  0.00
1.73  0.00
1.75  0.00
1.77  0.00
1.78  0.00
1.80  0.00
1.82  0.00
1.83  0.00
1.85  0.00
1.87  0.00
1.88  0.00
1.90  0.00
1.92  0.00
1.93  0.00
1.95  0.00
1.97  0.00
1.98  0.00
2.00  0.00
2.02  0.00
2.03  0.00
2.05  0.00
2.07  0.00
2.08  0.00
2.10  0.00
2.12  0.00
2.13  0.00
2.15  0.00
2.17  0.00
2.18  0.00
2.20  0.00
2.22  0.00
2.23  0.00
2.25  0.00
2.27  0.00
2.28  0.00
2.30  0.00
2.32  0.00
2.33  0.00
2.35  0.00
2.37  0.00
2.38  0.00
2.40  0.00
2.42  0.00
2.43  0.00
2.45  0.00
2.47  0.00
2.48  0.00
2.50  0.00
2.52  0.00
2.53  0.00
2.55  0.00
2.57  0.00
2.58  0.00
2.60  0.00
2.62  0.00
2.63  0.00
2.65  0.00
2.67  0.00
2.68  0.00
2.70  0.00
2.72  0.00
2.73  0.00
2.75  0.00
2.77  0.00
2.78  0.00
2.80  0.00
2.82  0.00
2.83  0.00
2.85  0.00
2.87  0.00
2.88  0.00
2.90  0.00
2.92  0.00
2.93  0.00
2.95  0.00
2.97  0.00
2.98  0.00
3.00  0.00
3.02  0.00
3.03  0.00
3.05  0.00
3.07  0.00
3.08  0.00
3.10  0.00
3.12  0.00
3.13  0.00
3.15  0.00
3.17  0.00
3.18  0.00
3.20  0.00
3.22  0.00
3.23  0.00
3.25  0.00
3.27  0.00
3.28  0.00
3.30  0.00
3.32  0.00
3.33  0.00
3.35  0.00
3.37  0.00
3.38  0.00
3.40  0.00
3.42  0.00
3.43  0.00
3.45  0.00
3.47  0.00
3.48  0.00
3.50  0.00
3.52  0.00
3.53  0.00
3.55  0.00
3.57  0.00
3.58  0.00
3.60  0.00
3.62  0.00
3.63  0.00
3.65  0.00
3.67  0.00
3.68  0.00
3.70  0.00
3.72  0.00
3.73  0.00
3.75  0.00
3.77  0.00
3.78  0.00
3.80  0.00
3.82  0.00
3.83  0.00
3.85  0.00
3.87  0.00
3.88  0.00
3.90  0.00
3.92  0.00
3.93  0.00
3.95  0.00
3.97  0.00
3.98  0.00
4.00  0.00
4.02  0.00
4.03  0.00
4.05  0.00
4.07  0.00
4.08  0.00
4.10  0.00
4.12  0.00
4.13  0.00
4.15  0.00
4.17  0.00
4.18  0.00
4.20  0.00
4.22  0.00
4.23  0.00
4.25  0.00
4.27  0.00
4.28  0.00
4.30  0.00
4.32  0.00
4.33  0.00
4.35  0.00
4.37  0.00
4.38  0.00
4.40  0.00
4.42  0.00
4.43  0.00
4.45  0.00
4.47  0.00
4.48  0.00
4.50  0.00
4.52  0.00
4.53  0.01
4.55  0.01
4.57  0.02
4.58  0.03
4.60  0.03
4.62  0.04
4.63  0.05
4.65  0.06
4.67  0.08
4.68  0.10
4.70  0.12
4.72  0.15
4.73  0.17
4.75  0.20
4.77  0.23
4.78  0.27
4.80  0.31
4.82  0.35
4.83  0.39
4.85  0.43
4.87  0.48
4.88  0.53
4.90  0.57
4.92  0.62
4.93  0.67
4.95  0.72
4.97  0.77
4.98  0.83
5.00  0.88
5.02  0.94
5.03  1.01
5.05  1.07
5.07  1.13
5.08  1.17
5.10  1.23
5.12  1.30
5.13  1.36
5.15  1.44
5.17  1.50
5.18  1.56
5.20  1.63
5.22  1.69
5.23  1.75
5.25  1.85
5.27  1.97
5.28  2.13
5.30  2.27
5.32  2.38
5.33  2.46
5.35  2.51
5.37  2.57
5.38  2.63
5.40  2.69
5.42  2.75
5.43  2.80
5.45  2.85
5.47  2.89
5.48  2.93
5.50  2.98
5.52  3.01
5.53  3.04
5.55  3.07
5.57  3.09
5.58  3.13
5.60  3.15
5.62  3.18
5.63  3.21
5.65  3.23
5.67  3.25
5.68  3.27
5.70  3.30
5.72  3.32
5.73  3.34
5.75  3.36
5.77  3.38
5.78  3.40
5.80  3.42
5.82  3.44
5.83  3.45
5.85  3.47
5.87  3.48
5.88  3.50
5.90  3.51
5.92  3.52
5.93  3.53
5.95  3.54
5.97  3.55
5.98  3.56
6.00  3.57
6.02  3.58
6.03  3.59
6.05  3.60
6.07  3.61
6.08  3.62
6.10  3.63
6.12  3.65
6.13  3.66
6.15  3.66
6.17  3.67
6.18  3.68
6.20  3.69
6.22  3.70
6.23  3.71
6.25  3.71
6.27  3.72
6.28  3.73
6.30  3.74
6.32  3.74
6.33  3.75
6.35  3.75
6.37  3.76
6.38  3.77
6.40  3.78
6.42  3.80
6.43  3.80
6.45  3.85
6.47  3.87
6.48  3.88
6.50  3.89
6.52  3.89
6.53  3.90
6.55  3.90
6.57  3.91
6.58  3.91
6.60  3.91
6.62  3.92
6.63  3.92
6.65  3.93
6.67  3.93
6.68  3.93
6.70  3.94
6.72  3.94
6.73  3.95
6.75  3.95
6.77  3.95
6.78  3.96
6.80  3.96
6.82  3.97
6.83  3.97
6.85  3.97
6.87  3.98
6.88  3.98
6.90  3.99
6.92  3.99
6.93  3.99
6.95  4.00
6.97  4.00
6.98  4.00
7.00  4.01
7.02  4.01
7.03  4.01
7.05  4.02
7.07  4.02
7.08  4.02
7.10  4.03
7.12  3.93
7.13  4.04
7.15  4.04
7.17  4.04
7.18  4.05
7.20  4.04
7.22  3.96
7.23  4.05
7.25  4.05
7.27  4.06
7.28  4.06
7.30  4.06
7.32  4.06
7.33  4.04
7.35  4.05
7.37  4.07
7.38  4.07
7.40  4.08
7.42  4.08
7.43  4.08
7.45  4.08
7.47  4.08
7.48  4.09
7.50  4.09
7.52  4.09
7.53  4.09
7.55  4.09
7.57  4.09
7.58  4.10
7.60  4.10
7.62  4.10
7.63  4.10
7.65  4.10
7.67  4.11
7.68  4.11
7.70  4.11
7.72  4.11
7.73  4.11
7.75  4.11
7.77  4.11
7.78  4.12
7.80  4.12
7.82  4.12
7.83  4.12
7.85  4.12
7.87  4.13
7.88  4.13
7.90  4.13
7.92  4.13
7.93  4.13
7.95  4.14
7.97  4.14
7.98  4.14
8.00  4.14
8.02  4.14
8.03  4.14
8.05  4.15
8.07  4.15
8.08  4.15
8.10  4.15
8.12  4.15
8.13  4.15
8.15  4.15
8.17  4.16
8.18  4.15
8.20  4.16
8.22  4.16
8.23  4.16
8.25  4.16
8.27  4.17
8.28  4.17
8.30  4.17
8.32  4.17
8.33  4.17
8.35  4.17
8.37  4.17
8.38  4.17
8.40  4.17
8.42  4.17
8.43  4.17
8.45  4.17
8.47  4.18
8.48  4.18
8.50  4.18
8.52  4.18
8.53  4.18
8.55  4.18
8.57  4.18
8.58  4.18
8.60  4.19
8.62  4.19
8.63  4.19
8.65  4.19
8.67  4.19
8.68  4.19
8.70  4.19
8.72  4.20
8.73  4.19
8.75  4.20
8.77  4.20
8.78  4.20
8.80  4.20
8.82  4.20
8.83  4.20
8.85  4.20
8.87  4.20
8.88  4.20
8.90  4.21
8.92  4.21
8.93  4.20
8.95  4.21
8.97  4.21
8.98  4.21
9.00  4.21
9.02  4.21
9.03  4.21
9.05  4.21
9.07  4.21
9.08  4.21
9.10  4.22
9.12  4.22
9.13  4.22
9.15  4.22
9.17  4.22
9.18  4.22
9.20  4.22
9.22  4.22
9.23  4.22
9.25  4.22
9.27  4.22
9.28  4.22
9.30  4.22
9.32  4.22
9.33  4.22
9.35  4.23
9.37  4.23
9.38  4.23
9.40  4.23
9.42  4.23
9.43  4.23
9.45  4.23
9.47  4.23
9.48  4.23
9.50  4.23
9.52  4.23
9.53  4.23
9.55  4.23
9.57  4.24
9.58  4.24
9.60  4.24
9.62  4.24
9.63  4.24
9.65  4.24
9.67  4.24
9.68  4.24
9.70  4.24
9.72  4.24
9.73  4.24
9.75  4.24
9.77  4.24
9.78  4.24
9.80  4.24
9.82  4.24
9.83  4.25
9.85  4.24
9.87  4.24
9.88  4.25
9.90  4.25
9.92  4.25
9.93  4.25
9.95  4.25
9.97  4.25
9.98  4.25
10.00  4.25
10.02  4.25
10.03  4.25
10.05  4.25
10.07  4.25
10.08  4.25
10.10  4.25
10.12  4.25
10.13  4.25
10.15  4.25
10.17  4.25
10.18  4.26
10.20  4.25
10.22  4.26
10.23  4.26
10.25  4.25
10.27  4.15
10.28  4.25
10.30  4.25
10.32  4.26
10.33  4.25
10.35  4.26
10.37  4.25
10.38  4.26
10.40  4.26
10.42  4.26
10.43  4.26
10.45  4.26
10.47  4.26
10.48  4.25
10.50  4.26
10.52  4.26
10.53  4.26
10.55  4.26
10.57  4.26
10.58  4.26
10.60  4.26
10.62  4.26
10.63  4.26
10.65  4.26
10.67  4.26
10.68  4.26
10.70  4.26
10.72  4.26
10.73  4.26
10.75  4.26
10.77  4.26
10.78  4.26
10.80  4.26
10.82  4.26
10.83  4.26
10.85  4.26
10.87  4.26
10.88  4.26
10.90  4.26
10.92  4.25
10.93  4.26
10.95  4.26
10.97  4.25
10.98  4.25
11.00  4.26
11.02  4.26
11.03  4.25
11.05  4.25
11.07  4.25
11.08  4.25
11.10  4.25
11.12  4.25
11.13  4.25
11.15  4.25
11.17  4.26
11.18  4.26
11.20  4.26
11.22  4.26
11.23  4.25
11.25  4.25
11.27  4.25
11.28  4.25
11.30  4.25
11.32  4.24
11.33  4.06
11.35  3.50
11.35  3.34
11.37  3.28
11.38  3.24
11.40  3.26
11.42  3.26
11.43  3.25
11.45  3.29
11.47  3.14
11.48  3.08
11.50  3.23
11.52  3.23
11.53  3.19
11.55  3.29
11.57  3.26
11.58  3.22
11.60  3.18
11.62  3.15
11.63  3.13
11.65  3.13
11.67  3.12
11.68  3.12
11.70  3.12
11.72  3.12
11.73  3.12
11.75  3.11
11.77  3.11
11.78  3.12
11.80  3.12
11.82  3.13
11.83  3.14
11.85  3.13
11.87  3.12
11.88  3.12
11.90  3.12
11.92  3.12
11.93  3.13
11.95  3.16
11.97  3.14
11.98  3.14
12.00  3.13
12.02  3.12
12.03  3.11
12.05  3.10
12.07  3.10
12.08  3.09
12.10  3.09
12.12  3.08
12.13  3.07
12.15  3.07
12.17  3.07
12.18  3.08
12.20  3.10
12.22  3.09
12.23  3.07
12.25  3.06
12.27  3.05
12.28  3.04
12.30  3.03
12.32  3.03
12.33  3.03
12.35  3.02
12.37  3.04
12.38  3.04
12.40  3.04
12.42  3.03
12.43  3.03
12.45  3.03
12.47  3.04
12.48  3.03
12.50  3.02
12.52  3.02
12.53  3.01
12.55  3.01
12.57  3.01
12.58  3.03
12.60  3.03
12.62  3.04
12.63  3.04
12.65  3.03
12.67  3.02
12.68  3.01
12.70  3.05
12.72  3.18
12.73  3.25
12.75  3.32
12.77  3.31
12.78  3.25
12.80  3.18
12.82  3.12
12.83  3.08
12.85  3.04
12.87  3.02
12.88  3.01
12.90  2.92
12.92  2.86
12.93  2.95
12.95  2.97
12.97  2.99
12.98  3.02
13.00  3.01
13.02  3.01
13.03  3.00
13.05  3.02
13.07  3.13
13.08  3.18
13.10  3.18
13.12  3.18
13.13  3.19
13.15  3.19
13.17  3.18
13.18  3.19
13.20  3.20
13.22  3.29
13.23  3.35
13.25  3.34
13.27  3.26
13.28  3.19
13.30  3.12
13.32  3.05
13.33  3.02
13.35  3.02
13.37  3.02
13.38  3.01
13.40  2.99
13.42  2.97
13.43  2.94
13.45  2.92
13.47  2.93
13.48  2.87
13.50  2.90
13.52  3.01
13.53  3.06
13.55  3.04
13.57  2.98
13.58  2.93
13.60  2.89
13.62  2.87
13.63  2.85
13.65  2.85
13.67  2.84
13.68  2.84
13.70  2.85
13.72  2.86
13.73  2.85
13.75  2.84
13.77  2.82
13.78  2.82
13.80  2.82
13.82  2.82
13.83  2.80
13.85  2.80
13.87  2.81
13.88  2.81
13.90  2.84
13.92  2.86
13.93  2.91
13.95  2.89
13.97  2.98
13.98  3.07
14.00  3.07
14.02  3.08
14.03  3.03
14.05  2.99
14.07  2.98
14.08  2.92
14.10  2.86
14.12  2.83
14.13  2.82
14.15  2.83
14.17  2.83
14.18  2.86
14.20  2.89
14.22  2.86
14.23  2.82
14.25  2.82
14.27  2.85
14.28  2.75
14.30  2.74
14.32  2.76
14.33  2.77
14.35  2.76
14.37  2.75
14.38  2.75
14.40  2.74
14.42  2.74
14.43  2.74
14.45  2.74
14.47  2.74
14.48  2.75
14.50  2.75
14.52  2.75
14.53  2.74
14.55  2.73
14.57  2.73
14.58  2.68
14.60  2.71
14.62  2.67
14.63  2.63
14.65  2.70
14.67  2.70
14.68  2.69
14.70  2.66
14.72  2.68
14.73  2.75
14.75  2.74
14.77  2.74
14.78  2.82
14.80  2.88
14.82  2.88
14.83  2.89
14.85  2.89
14.87  2.85
14.88  2.79
14.90  2.75
14.92  2.71
14.93  2.66
14.95  2.62
14.97  2.64
14.98  2.65
15.00  2.64
15.02  2.64
15.03  2.66
15.05  2.72
15.07  2.77
15.08  2.81
15.10  2.80
15.12  2.74
15.13  2.68
15.15  2.64
15.17  2.64
15.18  2.63
15.20  2.62
15.22  2.62
15.23  2.64
15.25  2.67
15.27  2.69
15.28  2.70
15.30  2.69
15.32  2.64
15.33  2.55
15.35  2.58
15.37  2.59
15.38  2.60
15.40  2.60
15.42  2.61
15.43  2.61
15.45  2.60
15.47  2.59
15.48  2.58
15.50  2.58
15.52  2.58
15.53  2.58
15.55  2.58
15.57  2.58
15.58  2.58
15.60  2.57
15.62  2.57
15.63  2.57
15.65  2.58
15.67  2.58
15.68  2.59
15.70  2.58
15.72  2.58
15.73  2.58
15.75  2.60
15.77  2.67
15.78  2.76
15.80  2.81
15.82  2.79
15.83  2.74
15.85  2.66
15.87  2.62
15.88  2.60
15.90  2.58
15.92  2.57
15.93  2.58
15.95  2.61
15.97  2.62
15.98  2.59
16.00  2.57
16.02  2.56
16.03  2.56
16.05  2.56
16.07  2.55
16.08  2.56
16.10  2.57
16.12  2.58
16.13  2.58
16.15  2.58
16.17  2.57
16.18  2.53
16.20  2.54
16.22  2.53
16.23  2.53
16.25  2.51
16.27  2.53
16.28  2.53
16.30  2.53
16.32  2.53
16.33  2.52
16.35  2.52
16.37  2.52
16.38  2.52
16.40  2.52
16.42  2.51
16.43  2.51
16.45  2.51
16.47  2.51
16.48  2.51
16.50  2.50
16.52  2.50
16.53  2.50
16.55  2.50
16.57  2.50
16.58  2.50
16.60  2.51
16.62  2.51
16.63  2.51
16.65  2.50
16.67  2.49
16.68  2.48
16.70  2.48
16.72  2.48
16.73  2.48
16.75  2.48
16.77  2.50
16.78  2.51
16.80  2.52
16.82  2.52
16.83  2.52
16.85  2.51
16.87  2.51
16.88  2.50
16.90  2.49
16.92  2.47
16.93  2.48
16.95  2.51
16.97  2.53
16.98  2.53
17.00  2.52
17.02  2.47
17.03  2.43
17.05  2.43
17.07  2.42
17.08  2.42
17.10  2.41
17.12  2.41
17.13  2.41
17.15  2.41
17.17  2.40
17.18  2.40
17.20  2.40
17.22  2.39
17.23  2.39
17.25  2.39
17.27  2.39
17.28  2.38
17.30  2.38
17.32  2.38
17.33  2.38
17.35  2.37
17.37  2.37
17.38  2.37
17.40  2.36
17.42  2.36
17.43  2.36
17.45  2.36
17.47  2.35
17.48  2.35
17.50  2.35
17.52  2.34
17.53  2.34
17.55  2.34
17.57  2.33
17.58  2.33
17.60  2.33
17.62  2.32
17.63  2.32
17.65  2.31
17.67  2.31
17.68  2.31
17.70  2.30
17.72  2.30
17.73  2.29
17.75  2.29
17.77  2.28
17.78  2.28
17.80  2.27
17.82  2.27
17.83  2.26
17.85  2.25
17.87  2.25
17.88  2.24
17.90  2.24
17.92  2.23
17.93  2.23
17.95  2.22
17.97  2.22
17.98  2.21
18.00  2.20
18.02  2.19
18.03  2.19
18.05  2.18
18.07  2.17
18.08  2.16
18.10  2.15
18.12  2.14
18.13  2.13
18.15  2.12
18.17  2.11
18.18  2.10
18.20  2.09
18.22  2.08
18.23  2.07
18.25  2.06
18.27  2.05
18.28  2.04
18.30  2.03
18.32  2.02
18.33  2.01
18.35  2.00
18.37  1.98
18.38  1.97
18.40  1.96
18.42  1.95
18.43  1.93
18.45  1.92
18.47  1.90
18.48  1.89
18.50  1.88
18.52  1.86
18.53  1.84
18.55  1.83
18.57  1.81
18.58  1.79
18.60  1.77
18.62  1.75
18.63  1.74
18.65  1.72
18.67  1.69
18.68  1.67
18.70  1.64
18.72  1.62
18.73  1.59
18.75  1.55
18.77  1.52
18.78  1.48
18.80  1.45
18.82  1.41
18.83  1.37
18.85  1.33
18.87  1.29
18.88  1.25
18.90  1.21
18.92  1.17
18.93  1.13
18.95  1.09
18.97  1.05
18.98  1.01
19.00  0.97
19.02  0.93
19.03  0.88
19.05  0.84
19.07  0.80
19.08  0.76
19.10  0.71
19.12  0.67
19.13  0.63
19.15  0.58
19.17  0.54
19.18  0.50
19.20  0.46
19.22  0.42
19.23  0.38
19.25  0.35
19.27  0.31
19.28  0.28
19.30  0.25
19.32  0.21
19.33  0.18
19.35  0.16
19.37  0.14
19.38  0.11
19.40  0.09
19.42  0.08
19.43  0.06
19.45  0.05
19.47  0.04
19.48  0.03
19.50  0.02
19.52  0.02
19.53  0.01
19.55  0.01
19.57  0.00
19.58  0.00
19.60  0.00
19.62  0.00
19.63  0.00
19.65  0.00
19.67  0.00
19.68  0.00
19.70  0.00
19.72  0.00
19.73  0.00
19.75  0.00
19.77  0.00
19.78  0.00
19.80  0.00
19.82  0.00
19.83  0.00
19.85  0.00
19.87  0.00
19.88  0.00
19.90  0.00
19.92  0.00
19.93  0.00
19.95  0.00
19.97  0.00
19.98  0.00
20.00  0.00
20.02  0.00
20.03  0.00
20.05  0.00
20.07  0.00
20.08  0.00
20.10  0.00
20.12  0.00
20.13  0.00
20.15  0.00
20.17  0.00
20.18  0.00
20.20  0.00
20.22  0.00
20.23  0.00
20.25  0.00
20.27  0.00
20.28  0.00
20.30  0.00
20.32  0.00
20.33  0.00
20.35  0.00
20.37  0.00
20.38  0.00
20.40  0.00
20.42  0.00
20.43  0.00
20.45  0.00
20.47  0.00
20.48  0.00
20.50  0.00
20.52  0.00
20.53  0.00
20.55  0.00
20.57  0.00
20.58  0.00
20.60  0.00
20.62  0.00
20.63  0.00
20.65  0.00
20.67  0.00
20.68  0.00
20.70  0.00
20.72  0.00
20.73  0.00
20.75  0.00
20.77  0.00
20.78  0.00
20.80  0.00
20.82  0.00
20.83  0.00
20.85  0.00
20.87  0.00
20.88  0.00
20.90  0.00
20.92  0.00
20.93  0.00
20.95  0.00
20.97  0.00
20.98  0.00
21.00  0.00
21.02  0.00
21.03  0.00
21.05  0.00
21.07  0.00
21.08  0.00
21.10  0.00
21.12  0.00
21.13  0.00
21.15  0.00
21.17  0.00
21.18  0.00
21.20  0.00
21.22  0.00
21.23  0.00
21.25  0.00
21.27  0.00
21.28  0.00
21.30  0.00
21.32  0.00
21.33  0.00
21.35  0.00
21.37  0.00
21.38  0.00
21.40  0.00
21.42  0.00
21.43  0.00
21.45  0.00
21.47  0.00
21.48  0.00
21.50  0.00
21.52  0.00
21.53  0.00
21.55  0.00
21.57  0.00
21.58  0.00
21.60  0.00
21.62  0.00
21.63  0.00
21.65  0.00
21.67  0.00
21.68  0.00
21.70  0.00
21.72  0.00
21.73  0.00
21.75  0.00
21.77  0.00
21.78  0.00
21.80  0.00
21.82  0.00
21.83  0.00
21.85  0.00
21.87  0.00
21.88  0.00
21.90  0.00
21.92  0.00
21.93  0.00
21.95  0.00
21.97  0.00
21.98  0.00
22.00  0.00
22.02  0.00
22.03  0.00
22.05  0.00
22.07  0.00
22.08  0.00
22.10  0.00
22.12  0.00
22.13  0.00
22.15  0.00
22.17  0.00
22.18  0.00
22.20  0.00
22.22  0.00
22.23  0.00
22.25  0.00
22.27  0.00
22.28  0.00
22.30  0.00
22.32  0.00
22.33  0.00
22.35  0.00
22.37  0.00
22.38  0.00
22.40  0.00
22.42  0.00
22.43  0.00
22.45  0.00
22.47  0.00
22.48  0.00
22.50  0.00
22.52  0.00
22.53  0.00
22.55  0.00
22.57  0.00
22.58  0.00
22.60  0.00
22.62  0.00
22.63  0.00
22.65  0.00
22.67  0.00
22.68  0.00
22.70  0.00
22.72  0.00
22.73  0.00
22.75  0.00
22.77  0.00
22.78  0.00
22.80  0.00
22.82  0.00
22.83  0.00
22.85  0.00
22.87  0.00
22.88  0.00
22.90  0.00
22.92  0.00
22.93  0.00
22.95  0.00
22.97  0.00
22.98  0.00
23.00  0.00
23.02  0.00
23.03  0.00
23.05  0.00
23.07  0.00
23.08  0.00
23.10  0.00
23.12  0.00
23.13  0.00
23.15  0.00
23.17  0.00
23.18  0.00
23.20  0.00
23.22  0.00
23.23  0.00
23.25  0.00
23.27  0.00
23.28  0.00
23.30  0.00
23.32  0.00
23.33  0.00
23.35  0.00
23.37  0.00
23.38  0.00
23.40  0.00
23.42  0.00
23.43  0.00
23.45  0.00
23.47  0.00
23.48  0.00
23.50  0.00
23.52  0.00
23.53  0.00
23.55  0.00
23.57  0.00
23.58  0.00
23.60  0.00
23.62  0.00
23.63  0.00
23.65  0.00
23.67  0.00
23.68  0.00
23.70  0.00
23.72  0.00
23.73  0.00
23.75  0.00
23.77  0.00
23.78  0.00
23.80  0.00
23.82  0.00
23.83  0.00
23.85  0.00
23.87  0.00
23.88  0.00
23.90  0.00
23.92  0.00
23.93  0.00
23.95  0.00
23.97  0.00
23.98  0.00


