genericdec
-3.60   40.15
8   9   2015
0.00  0.00
0.02  0.00
0.03  0.00
0.05  0.00
0.07  0.00
0.08  0.00
0.10  0.00
0.12  0.00
0.13  0.00
0.15  0.00
0.17  0.00
0.18  0.00
0.20  0.00
0.22  0.00
0.23  0.00
0.25  0.00
0.27  0.00
0.28  0.00
0.30  0.00
0.32  0.00
0.33  0.00
0.35  0.00
0.37  0.00
0.38  0.00
0.40  0.00
0.42  0.00
0.43  0.00
0.45  0.00
0.47  0.00
0.48  0.00
0.50  0.00
0.52  0.00
0.53  0.00
0.55  0.00
0.57  0.00
0.58  0.00
0.60  0.00
0.62  0.00
0.63  0.00
0.65  0.00
0.67  0.00
0.68  0.00
0.70  0.00
0.72  0.00
0.73  0.00
0.75  0.00
0.77  0.00
0.78  0.00
0.80  0.00
0.82  0.00
0.83  0.00
0.85  0.00
0.87  0.00
0.88  0.00
0.90  0.00
0.92  0.00
0.93  0.00
0.95  0.00
0.97  0.00
0.98  0.00
1.00  0.00
1.02  0.00
1.03  0.00
1.05  0.00
1.07  0.00
1.08  0.00
1.10  0.00
1.12  0.00
1.13  0.00
1.15  0.00
1.17  0.00
1.18  0.00
1.20  0.00
1.22  0.00
1.23  0.00
1.25  0.00
1.27  0.00
1.28  0.00
1.30  0.00
1.32  0.00
1.33  0.00
1.35  0.00
1.37  0.00
1.38  0.00
1.40  0.00
1.42  0.00
1.43  0.00
1.45  0.00
1.47  0.00
1.48  0.00
1.50  0.00
1.52  0.00
1.53  0.00
1.55  0.00
1.57  0.00
1.58  0.00
1.60  0.00
1.62  0.00
1.63  0.00
1.65  0.00
1.67  0.00
1.68  0.00
1.70  0.00
1.72  0.00
1.73  0.00
1.75  0.00
1.77  0.00
1.78  0.00
1.80  0.00
1.82  0.00
1.83  0.00
1.85  0.00
1.87  0.00
1.88  0.00
1.90  0.00
1.92  0.00
1.93  0.00
1.95  0.00
1.97  0.00
1.98  0.00
2.00  0.00
2.02  0.00
2.03  0.00
2.05  0.00
2.07  0.00
2.08  0.00
2.10  0.00
2.12  0.00
2.13  0.00
2.15  0.00
2.17  0.00
2.18  0.00
2.20  0.00
2.22  0.00
2.23  0.00
2.25  0.00
2.27  0.00
2.28  0.00
2.30  0.00
2.32  0.00
2.33  0.00
2.35  0.00
2.37  0.00
2.38  0.00
2.40  0.00
2.42  0.00
2.43  0.00
2.45  0.00
2.47  0.00
2.48  0.00
2.50  0.00
2.52  0.00
2.53  0.00
2.55  0.00
2.57  0.00
2.58  0.00
2.60  0.00
2.62  0.00
2.63  0.00
2.65  0.00
2.67  0.00
2.68  0.00
2.70  0.00
2.72  0.00
2.73  0.00
2.75  0.00
2.77  0.00
2.78  0.00
2.80  0.00
2.82  0.00
2.83  0.00
2.85  0.00
2.87  0.00
2.88  0.00
2.90  0.00
2.92  0.00
2.93  0.00
2.95  0.00
2.97  0.00
2.98  0.00
3.00  0.00
3.02  0.00
3.03  0.00
3.05  0.00
3.07  0.00
3.08  0.00
3.10  0.00
3.12  0.00
3.13  0.00
3.15  0.00
3.17  0.00
3.18  0.00
3.20  0.00
3.22  0.00
3.23  0.00
3.25  0.00
3.27  0.00
3.28  0.00
3.30  0.00
3.32  0.00
3.33  0.00
3.35  0.00
3.37  0.00
3.38  0.00
3.40  0.00
3.42  0.00
3.43  0.00
3.45  0.00
3.47  0.00
3.48  0.00
3.50  0.00
3.52  0.00
3.53  0.00
3.55  0.00
3.57  0.00
3.58  0.00
3.60  0.00
3.62  0.00
3.63  0.00
3.65  0.00
3.67  0.00
3.68  0.00
3.70  0.00
3.72  0.00
3.73  0.00
3.75  0.00
3.77  0.00
3.78  0.00
3.80  0.00
3.82  0.00
3.83  0.00
3.85  0.00
3.87  0.00
3.88  0.00
3.90  0.00
3.92  0.00
3.93  0.00
3.95  0.00
3.97  0.01
3.98  0.00
4.00  0.00
4.02  0.00
4.03  0.00
4.05  0.00
4.07  0.00
4.08  0.00
4.10  0.00
4.12  0.00
4.13  0.00
4.15  0.00
4.17  0.00
4.18  0.00
4.20  0.00
4.22  0.00
4.23  0.00
4.25  0.00
4.27  0.00
4.28  0.00
4.30  0.00
4.32  0.00
4.33  0.00
4.35  0.00
4.37  0.00
4.38  0.00
4.40  0.00
4.42  0.00
4.43  0.00
4.45  0.00
4.47  0.00
4.48  0.00
4.50  0.00
4.52  0.00
4.53  0.00
4.55  0.00
4.57  0.00
4.58  0.00
4.60  0.00
4.62  0.00
4.63  0.00
4.65  0.00
4.67  0.00
4.68  0.00
4.70  0.00
4.72  0.00
4.73  0.00
4.75  0.00
4.77  0.00
4.78  0.00
4.80  0.00
4.82  0.00
4.83  0.00
4.85  0.00
4.87  0.00
4.88  0.00
4.90  0.00
4.92  0.00
4.93  0.00
4.95  0.00
4.97  0.00
4.98  0.00
5.00  0.00
5.02  0.00
5.03  0.00
5.05  0.00
5.07  0.00
5.08  0.00
5.10  0.00
5.12  0.00
5.13  0.00
5.15  0.00
5.17  0.00
5.18  0.00
5.20  0.00
5.22  0.00
5.23  0.00
5.25  0.01
5.27  0.01
5.28  0.01
5.30  0.01
5.32  0.02
5.33  0.02
5.35  0.03
5.37  0.04
5.38  0.04
5.40  0.05
5.42  0.06
5.43  0.07
5.45  0.08
5.47  0.10
5.48  0.12
5.50  0.14
5.52  0.16
5.53  0.19
5.55  0.21
5.57  0.25
5.58  0.28
5.60  0.31
5.62  0.35
5.63  0.38
5.65  0.42
5.67  0.45
5.68  0.49
5.70  0.52
5.72  0.56
5.73  0.59
5.75  0.62
5.77  0.66
5.78  0.69
5.80  0.72
5.82  0.76
5.83  0.79
5.85  0.82
5.87  0.86
5.88  0.89
5.90  0.93
5.92  0.97
5.93  1.01
5.95  1.05
5.97  1.10
5.98  1.14
6.00  1.17
6.02  1.21
6.03  1.24
6.05  1.27
6.07  1.30
6.08  1.33
6.10  1.36
6.12  1.39
6.13  1.41
6.15  1.44
6.17  1.46
6.18  1.49
6.20  1.52
6.22  1.54
6.23  1.57
6.25  1.59
6.27  1.62
6.28  1.64
6.30  1.67
6.32  1.70
6.33  1.72
6.35  1.75
6.37  1.79
6.38  1.82
6.40  1.85
6.42  1.88
6.43  1.91
6.45  1.94
6.47  1.97
6.48  2.01
6.50  2.04
6.52  2.07
6.53  2.10
6.55  2.13
6.57  2.18
6.58  2.22
6.60  2.27
6.62  2.31
6.63  2.35
6.65  2.52
6.67  2.75
6.68  2.83
6.70  2.83
6.72  2.80
6.73  2.73
6.75  2.70
6.77  2.52
6.78  2.44
6.80  2.46
6.82  2.49
6.83  2.55
6.85  2.54
6.87  2.54
6.88  2.64
6.90  2.76
6.92  2.84
6.93  2.82
6.95  2.89
6.97  2.90
6.98  2.73
7.00  2.52
7.02  2.43
7.03  2.43
7.05  2.43
7.07  2.43
7.08  2.45
7.10  2.49
7.12  2.53
7.13  2.60
7.15  2.59
7.17  2.58
7.18  2.70
7.20  2.93
7.22  3.14
7.23  3.29
7.25  3.30
7.27  3.34
7.28  3.41
7.30  3.47
7.32  3.50
7.33  3.51
7.35  3.44
7.37  3.41
7.38  3.57
7.40  3.60
7.42  3.59
7.43  3.59
7.45  3.60
7.47  3.60
7.48  3.61
7.50  3.61
7.52  3.62
7.53  3.87
7.55  4.00
7.57  4.00
7.58  4.00
7.60  4.01
7.62  4.01
7.63  4.01
7.65  4.01
7.67  4.01
7.68  4.02
7.70  4.02
7.72  4.02
7.73  4.02
7.75  4.03
7.77  4.03
7.78  4.03
7.80  4.03
7.82  4.03
7.83  4.04
7.85  4.04
7.87  4.04
7.88  4.04
7.90  4.04
7.92  4.05
7.93  4.05
7.95  4.05
7.97  4.05
7.98  4.05
8.00  4.05
8.02  4.06
8.03  4.06
8.05  4.06
8.07  4.06
8.08  4.06
8.10  4.06
8.12  4.06
8.13  4.07
8.15  4.07
8.17  4.07
8.18  4.07
8.20  4.07
8.22  4.07
8.23  4.07
8.25  4.08
8.27  4.08
8.28  4.08
8.30  4.08
8.32  4.08
8.33  4.08
8.35  4.08
8.37  4.08
8.38  4.09
8.40  4.09
8.42  4.09
8.43  4.09
8.45  4.09
8.47  4.09
8.48  4.09
8.50  4.10
8.52  4.10
8.53  4.10
8.55  4.10
8.57  4.10
8.58  4.10
8.60  4.10
8.62  4.10
8.63  4.11
8.65  4.11
8.67  4.11
8.68  4.11
8.70  4.11
8.72  4.11
8.73  4.11
8.75  4.11
8.77  4.11
8.78  4.13
8.80  4.12
8.82  4.11
8.83  4.11
8.85  4.11
8.87  4.11
8.88  4.11
8.90  4.11
8.92  4.12
8.93  4.12
8.95  4.12
8.97  4.12
8.98  4.12
9.00  4.12
9.02  4.12
9.03  4.12
9.05  4.12
9.07  4.12
9.08  4.12
9.10  4.12
9.12  4.13
9.13  4.13
9.15  4.13
9.17  4.13
9.18  4.13
9.20  4.13
9.22  4.13
9.23  4.13
9.25  4.13
9.27  4.13
9.28  4.13
9.30  4.13
9.32  4.13
9.33  4.14
9.35  4.14
9.37  4.14
9.38  4.14
9.40  4.14
9.42  4.14
9.43  4.14
9.45  4.14
9.47  4.14
9.48  4.14
9.50  4.14
9.52  4.14
9.53  4.14
9.55  4.14
9.57  4.14
9.58  4.14
9.60  4.15
9.62  4.14
9.63  4.15
9.65  4.15
9.67  4.15
9.68  4.15
9.70  4.15
9.72  4.15
9.73  4.15
9.75  4.15
9.77  4.15
9.78  4.15
9.80  4.15
9.82  4.15
9.83  4.15
9.85  4.15
9.87  4.15
9.88  4.15
9.90  4.15
9.92  4.16
9.93  4.16
9.95  4.16
9.97  4.16
9.98  4.16
10.00  4.16
10.02  4.16
10.03  4.16
10.05  4.16
10.07  4.16
10.08  4.16
10.10  4.16
10.12  4.16
10.13  4.16
10.15  4.16
10.17  4.16
10.18  4.16
10.20  4.16
10.22  4.16
10.23  4.16
10.25  4.16
10.27  4.16
10.28  4.16
10.30  4.16
10.32  4.16
10.33  4.16
10.35  4.16
10.37  4.16
10.38  4.16
10.40  4.16
10.42  4.16
10.43  4.16
10.45  4.16
10.47  4.16
10.48  4.16
10.50  4.16
10.52  4.16
10.53  4.16
10.55  4.16
10.57  4.16
10.58  4.16
10.60  4.15
10.62  4.15
10.63  4.15
10.65  4.15
10.67  4.14
10.68  4.13
10.68  4.12
10.70  4.11
10.72  4.11
10.73  4.10
10.75  4.10
10.77  4.09
10.78  4.09
10.80  4.07
10.82  4.06
10.83  4.04
10.85  4.02
10.87  4.01
10.88  4.00
10.90  3.99
10.92  3.99
10.93  3.99
10.95  3.98
10.97  3.97
10.98  3.96
11.00  3.95
11.02  3.93
11.03  3.92
11.05  3.92
11.07  3.91
11.08  3.91
11.10  3.91
11.12  3.91
11.13  3.92
11.15  3.93
11.17  3.93
11.18  3.93
11.20  3.92
11.22  3.92
11.23  3.92
11.25  3.92
11.27  3.92
11.28  3.85
11.30  3.53
11.32  3.22
11.33  3.19
11.35  3.17
11.37  3.16
11.38  3.16
11.40  3.16
11.42  3.15
11.43  3.15
11.45  3.15
11.47  3.15
11.48  3.15
11.50  3.14
11.52  3.14
11.53  3.14
11.55  3.14
11.57  3.13
11.58  3.13
11.60  3.13
11.62  3.13
11.63  3.13
11.65  3.13
11.67  3.12
11.68  3.12
11.70  3.12
11.72  3.12
11.73  3.12
11.75  3.11
11.77  3.11
11.78  3.11
11.80  3.11
11.82  3.10
11.83  3.10
11.85  3.10
11.87  3.10
11.88  3.10
11.90  3.09
11.92  3.09
11.93  3.09
11.95  3.09
11.97  3.08
11.98  3.08
12.00  3.08
12.02  3.07
12.03  3.07
12.05  3.07
12.07  3.07
12.08  3.06
12.10  3.06
12.12  3.06
12.13  3.06
12.15  3.06
12.17  3.06
12.18  3.05
12.20  3.05
12.22  3.05
12.23  3.05
12.25  3.04
12.27  3.04
12.28  3.04
12.30  3.04
12.32  3.03
12.33  3.03
12.35  3.03
12.37  3.02
12.38  3.02
12.40  3.02
12.42  3.02
12.43  3.01
12.45  3.01
12.47  3.01
12.48  3.01
12.50  3.00
12.52  3.00
12.53  3.00
12.55  3.00
12.57  2.99
12.58  2.99
12.60  2.99
12.62  2.98
12.63  2.98
12.65  2.98
12.67  2.97
12.68  2.97
12.70  2.96
12.72  2.96
12.73  2.96
12.75  2.95
12.77  2.95
12.78  2.94
12.80  2.94
12.82  2.94
12.83  2.93
12.85  2.93
12.87  2.93
12.88  2.93
12.90  2.92
12.92  2.92
12.93  2.92
12.95  2.92
12.97  2.91
12.98  2.91
13.00  2.91
13.02  2.90
13.03  2.90
13.05  2.90
13.07  2.89
13.08  2.89
13.10  2.88
13.12  2.88
13.13  2.88
13.15  2.88
13.17  2.87
13.18  2.87
13.20  2.87
13.22  2.87
13.23  2.88
13.25  2.89
13.27  2.88
13.28  2.88
13.30  2.88
13.32  2.87
13.33  2.87
13.35  2.87
13.37  2.86
13.38  2.88
13.40  2.88
13.42  2.86
13.43  2.85
13.45  2.85
13.47  2.85
13.48  2.84
13.50  2.83
13.52  2.83
13.53  2.83
13.55  2.83
13.57  2.83
13.58  2.83
13.60  2.82
13.62  2.82
13.63  2.82
13.65  2.82
13.67  2.81
13.68  2.81
13.70  2.81
13.72  2.81
13.73  2.80
13.75  2.80
13.77  2.80
13.78  2.80
13.80  2.79
13.82  2.79
13.83  2.79
13.85  2.79
13.87  2.79
13.88  2.80
13.90  2.82
13.92  2.84
13.93  2.83
13.95  2.80
13.97  2.79
13.98  2.78
14.00  2.78
14.02  2.77
14.03  2.77
14.05  2.76
14.07  2.76
14.08  2.76
14.10  2.76
14.12  2.76
14.13  2.76
14.15  2.75
14.17  2.75
14.18  2.75
14.20  2.75
14.22  2.75
14.23  2.75
14.25  2.76
14.27  2.76
14.28  2.77
14.30  2.77
14.32  2.76
14.33  2.75
14.35  2.74
14.37  2.74
14.38  2.73
14.40  2.73
14.42  2.72
14.43  2.72
14.45  2.71
14.47  2.71
14.48  2.77
14.50  2.77
14.52  2.76
14.53  2.72
14.55  2.63
14.57  2.73
14.58  2.73
14.60  2.71
14.62  2.59
14.63  2.62
14.65  2.69
14.67  2.68
14.68  2.66
14.70  2.66
14.72  2.66
14.73  2.66
14.75  2.66
14.77  2.65
14.78  2.65
14.80  2.65
14.82  2.65
14.83  2.65
14.85  2.64
14.87  2.64
14.88  2.64
14.90  2.64
14.92  2.64
14.93  2.63
14.95  2.63
14.97  2.64
14.98  2.66
15.00  2.68
15.02  2.70
15.03  2.71
15.05  2.70
15.07  2.68
15.08  2.65
15.10  2.64
15.12  2.63
15.13  2.62
15.15  2.61
15.17  2.61
15.18  2.61
15.20  2.61
15.22  2.60
15.23  2.60
15.25  2.60
15.27  2.59
15.28  2.60
15.30  2.60
15.32  2.59
15.33  2.60
15.35  2.60
15.37  2.60
15.38  2.61
15.40  2.61
15.42  2.61
15.43  2.61
15.45  2.60
15.47  2.59
15.48  2.59
15.50  2.58
15.52  2.58
15.53  2.58
15.55  2.58
15.57  2.58
15.58  2.57
15.60  2.57
15.62  2.57
15.63  2.57
15.65  2.57
15.67  2.57
15.68  2.59
15.70  2.59
15.72  2.59
15.73  2.58
15.75  2.58
15.77  2.58
15.78  2.57
15.80  2.57
15.82  2.57
15.83  2.56
15.85  2.56
15.87  2.57
15.88  2.58
15.90  2.61
15.92  2.65
15.93  2.69
15.95  2.72
15.97  2.71
15.98  2.68
16.00  2.71
16.02  2.69
16.03  2.69
16.05  2.71
16.07  2.71
16.08  2.74
16.10  2.71
16.12  2.68
16.13  2.66
16.15  2.69
16.17  2.68
16.18  2.66
16.20  2.65
16.22  2.63
16.23  2.64
16.25  2.62
16.27  2.62
16.28  2.61
16.30  2.59
16.32  2.55
16.33  2.46
16.35  2.44
16.37  2.42
16.38  2.44
16.40  2.44
16.42  2.44
16.43  2.41
16.45  2.42
16.47  2.38
16.48  2.34
16.50  2.34
16.52  2.38
16.53  2.39
16.55  2.36
16.57  2.35
16.58  2.37
16.60  2.37
16.62  2.34
16.63  2.33
16.65  2.42
16.67  2.45
16.68  2.48
16.70  2.47
16.72  2.46
16.73  2.43
16.75  2.41
16.77  2.39
16.78  2.38
16.80  2.37
16.82  2.37
16.83  2.39
16.85  2.43
16.87  2.48
16.88  2.47
16.90  2.47
16.92  2.49
16.93  2.50
16.95  2.48
16.97  2.45
16.98  2.44
17.00  2.41
17.02  2.41
17.03  2.37
17.05  2.36
17.07  2.36
17.08  2.36
17.10  2.34
17.12  2.38
17.13  2.41
17.15  2.41
17.17  2.39
17.18  2.34
17.20  2.28
17.22  2.26
17.23  2.29
17.25  2.32
17.27  2.35
17.28  2.37
17.30  2.38
17.32  2.36
17.33  2.31
17.35  2.26
17.37  2.21
17.38  2.21
17.40  2.22
17.42  2.23
17.43  2.25
17.45  2.26
17.47  2.23
17.48  2.19
17.50  2.14
17.52  2.07
17.53  2.04
17.55  2.04
17.57  2.04
17.58  2.05
17.60  2.04
17.62  2.04
17.63  2.03
17.65  2.02
17.67  2.01
17.68  2.00
17.70  1.99
17.72  1.97
17.73  1.96
17.75  1.95
17.77  1.93
17.78  1.92
17.80  1.91
17.82  1.89
17.83  1.88
17.85  1.86
17.87  1.84
17.88  1.82
17.90  1.81
17.92  1.79
17.93  1.77
17.95  1.75
17.97  1.73
17.98  1.72
18.00  1.70
18.02  1.68
18.03  1.66
18.05  1.64
18.07  1.62
18.08  1.59
18.10  1.57
18.12  1.54
18.13  1.51
18.15  1.48
18.17  1.45
18.18  1.42
18.20  1.40
18.22  1.37
18.23  1.33
18.25  1.28
18.27  1.23
18.28  1.17
18.30  1.11
18.32  1.05
18.33  1.00
18.35  0.95
18.37  0.90
18.38  0.84
18.40  0.79
18.42  0.74
18.43  0.70
18.45  0.65
18.47  0.61
18.48  0.56
18.50  0.52
18.52  0.47
18.53  0.43
18.55  0.38
18.57  0.35
18.58  0.31
18.60  0.27
18.62  0.24
18.63  0.21
18.65  0.18
18.67  0.15
18.68  0.13
18.70  0.11
18.72  0.09
18.73  0.07
18.75  0.06
18.77  0.05
18.78  0.04
18.80  0.03
18.82  0.02
18.83  0.01
18.85  0.01
18.87  0.00
18.88  0.00
18.90  0.00
18.92  0.00
18.93  0.00
18.95  0.00
18.97  0.00
18.98  0.00
19.00  0.00
19.02  0.00
19.03  0.00
19.05  0.00
19.07  0.00
19.08  0.00
19.10  0.00
19.12  0.00
19.13  0.00
19.15  0.00
19.17  0.00
19.18  0.00
19.20  0.00
19.22  0.00
19.23  0.00
19.25  0.00
19.27  0.00
19.28  0.00
19.30  0.00
19.32  0.00
19.33  0.00
19.35  0.00
19.37  0.00
19.38  0.00
19.40  0.00
19.42  0.00
19.43  0.00
19.45  0.00
19.47  0.00
19.48  0.00
19.50  0.00
19.52  0.00
19.53  0.00
19.55  0.00
19.57  0.00
19.58  0.00
19.60  0.00
19.62  0.00
19.63  0.00
19.65  0.00
19.67  0.00
19.68  0.00
19.70  0.00
19.72  0.00
19.73  0.00
19.75  0.00
19.77  0.00
19.78  0.00
19.80  0.00
19.82  0.00
19.83  0.00
19.85  0.00
19.87  0.00
19.88  0.00
19.90  0.00
19.92  0.00
19.93  0.00
19.95  0.00
19.97  0.00
19.98  0.00
20.00  0.00
20.02  0.00
20.03  0.00
20.05  0.00
20.07  0.00
20.08  0.00
20.10  0.00
20.12  0.00
20.13  0.00
20.15  0.00
20.17  0.00
20.18  0.00
20.20  0.00
20.22  0.00
20.23  0.00
20.25  0.00
20.27  0.00
20.28  0.00
20.30  0.00
20.32  0.00
20.33  0.00
20.35  0.00
20.37  0.00
20.38  0.00
20.40  0.00
20.42  0.00
20.43  0.00
20.45  0.00
20.47  0.00
20.48  0.00
20.50  0.00
20.52  0.00
20.53  0.00
20.55  0.00
20.57  0.00
20.58  0.00
20.60  0.00
20.62  0.00
20.63  0.00
20.65  0.00
20.67  0.00
20.68  0.00
20.70  0.00
20.72  0.00
20.73  0.00
20.75  0.00
20.77  0.00
20.78  0.00
20.80  0.00
20.82  0.00
20.83  0.00
20.85  0.00
20.87  0.00
20.88  0.00
20.90  0.00
20.92  0.00
20.93  0.00
20.95  0.00
20.97  0.00
20.98  0.00
21.00  0.00
21.02  0.00
21.03  0.00
21.05  0.00
21.07  0.00
21.08  0.00
21.10  0.00
21.12  0.00
21.13  0.00
21.15  0.00
21.17  0.00
21.18  0.00
21.20  0.00
21.22  0.00
21.23  0.00
21.25  0.00
21.27  0.00
21.28  0.00
21.30  0.00
21.32  0.00
21.33  0.00
21.35  0.00
21.37  0.00
21.38  0.00
21.40  0.00
21.42  0.00
21.43  0.00
21.45  0.00
21.47  0.00
21.48  0.00
21.50  0.00
21.52  0.00
21.53  0.00
21.55  0.00
21.57  0.00
21.58  0.00
21.60  0.00
21.62  0.00
21.63  0.00
21.65  0.00
21.67  0.00
21.68  0.00
21.70  0.00
21.72  0.00
21.73  0.00
21.75  0.00
21.77  0.00
21.78  0.00
21.80  0.00
21.82  0.00
21.83  0.00
21.85  0.00
21.87  0.00
21.88  0.00
21.90  0.00
21.92  0.00
21.93  0.00
21.95  0.00
21.97  0.00
21.98  0.00
22.00  0.00
22.02  0.00
22.03  0.00
22.05  0.00
22.07  0.00
22.08  0.00
22.10  0.00
22.12  0.00
22.13  0.00
22.15  0.00
22.17  0.00
22.18  0.00
22.20  0.00
22.22  0.00
22.23  0.00
22.25  0.00
22.27  0.00
22.28  0.00
22.30  0.00
22.32  0.00
22.33  0.00
22.35  0.00
22.37  0.00
22.38  0.00
22.40  0.00
22.42  0.00
22.43  0.00
22.45  0.00
22.47  0.00
22.48  0.00
22.50  0.00
22.52  0.00
22.53  0.00
22.55  0.00
22.57  0.00
22.58  0.00
22.60  0.00
22.62  0.00
22.63  0.00
22.65  0.00
22.67  0.00
22.68  0.00
22.70  0.00
22.72  0.00
22.73  0.00
22.75  0.00
22.77  0.00
22.78  0.00
22.80  0.00
22.82  0.00
22.83  0.00
22.85  0.00
22.87  0.00
22.88  0.00
22.90  0.00
22.92  0.00
22.93  0.00
22.95  0.00
22.97  0.00
22.98  0.00
23.00  0.00
23.02  0.00
23.03  0.00
23.05  0.00
23.07  0.00
23.08  0.00
23.10  0.00
23.12  0.00
23.13  0.00
23.15  0.00
23.17  0.00
23.18  0.00
23.20  0.00
23.22  0.00
23.23  0.00
23.25  0.00
23.27  0.00
23.28  0.00
23.30  0.00
23.32  0.00
23.33  0.00
23.35  0.00
23.37  0.00
23.38  0.00
23.40  0.00
23.42  0.00
23.43  0.00
23.45  0.00
23.47  0.00
23.48  0.00
23.50  0.00
23.52  0.00
23.53  0.00
23.55  0.00
23.57  0.00
23.58  0.00
23.60  0.00
23.62  0.00
23.63  0.00
23.65  0.00
23.67  0.00
23.68  0.00
23.70  0.00
23.72  0.00
23.73  0.00
23.75  0.00
23.77  0.00
23.78  0.00
23.80  0.00
23.82  0.00
23.83  0.00
23.85  0.00
23.87  0.00
23.88  0.00
23.90  0.00
23.92  0.00
23.93  0.00
23.95  0.00
23.97  0.00
23.98  0.00
