genericdec
-3.60   40.15
9   9   2015
0.00  0.00
0.02  0.00
0.03  0.00
0.05  0.00
0.07  0.00
0.08  0.00
0.10  0.00
0.12  0.00
0.13  0.00
0.15  0.00
0.17  0.00
0.18  0.00
0.20  0.00
0.22  0.00
0.23  0.00
0.25  0.00
0.27  0.00
0.28  0.00
0.28  0.00
0.30  0.00
0.32  0.00
0.33  0.00
0.35  0.00
0.37  0.00
0.38  0.00
0.40  0.00
0.42  0.00
0.43  0.00
0.45  0.00
0.47  0.00
0.48  0.00
0.50  0.00
0.52  0.00
0.53  0.00
0.55  0.00
0.57  0.00
0.58  0.00
0.60  0.00
0.62  0.00
0.63  0.00
0.65  0.00
0.67  0.00
0.68  0.00
0.70  0.00
0.72  0.00
0.73  0.00
0.75  0.00
0.77  0.00
0.78  0.00
0.80  0.00
0.82  0.00
0.83  0.00
0.85  0.00
0.87  0.00
0.88  0.00
0.90  0.00
0.92  0.00
0.93  0.00
0.95  0.00
0.97  0.00
0.98  0.00
1.00  0.00
1.02  0.00
1.03  0.00
1.05  0.00
1.07  0.00
1.08  0.00
1.10  0.00
1.12  0.00
1.13  0.00
1.15  0.00
1.17  0.00
1.18  0.00
1.20  0.00
1.22  0.00
1.23  0.00
1.25  0.00
1.27  0.00
1.28  0.00
1.30  0.00
1.32  0.00
1.33  0.00
1.35  0.00
1.37  0.00
1.38  0.00
1.40  0.00
1.42  0.00
1.43  0.00
1.45  0.00
1.47  0.00
1.48  0.00
1.50  0.00
1.52  0.00
1.53  0.00
1.55  0.00
1.57  0.00
1.58  0.00
1.60  0.00
1.62  0.00
1.63  0.00
1.65  0.00
1.67  0.00
1.68  0.00
1.70  0.00
1.72  0.00
1.73  0.00
1.75  0.00
1.77  0.00
1.78  0.00
1.80  0.00
1.82  0.00
1.83  0.00
1.85  0.00
1.87  0.00
1.88  0.00
1.90  0.00
1.92  0.00
1.93  0.00
1.95  0.00
1.97  0.00
1.98  0.00
2.00  0.00
2.02  0.00
2.03  0.00
2.05  0.00
2.07  0.00
2.08  0.00
2.10  0.00
2.12  0.00
2.13  0.00
2.15  0.00
2.17  0.00
2.18  0.00
2.20  0.00
2.22  0.00
2.23  0.00
2.25  0.00
2.27  0.00
2.28  0.00
2.30  0.00
2.32  0.00
2.33  0.00
2.35  0.00
2.37  0.00
2.38  0.00
2.40  0.00
2.42  0.00
2.43  0.00
2.45  0.00
2.47  0.00
2.48  0.00
2.50  0.00
2.52  0.00
2.53  0.00
2.55  0.00
2.57  0.00
2.58  0.00
2.60  0.00
2.62  0.00
2.63  0.00
2.65  0.00
2.67  0.00
2.68  0.00
2.70  0.00
2.72  0.00
2.73  0.00
2.75  0.00
2.77  0.00
2.78  0.00
2.80  0.00
2.82  0.00
2.83  0.00
2.85  0.00
2.87  0.00
2.88  0.00
2.90  0.00
2.92  0.00
2.93  0.00
2.95  0.00
2.97  0.00
2.98  0.00
3.00  0.00
3.02  0.00
3.03  0.00
3.05  0.00
3.07  0.00
3.08  0.00
3.10  0.00
3.12  0.00
3.13  0.00
3.15  0.00
3.17  0.00
3.18  0.00
3.20  0.00
3.22  0.00
3.23  0.00
3.25  0.00
3.27  0.00
3.28  0.00
3.30  0.00
3.32  0.00
3.33  0.00
3.35  0.00
3.37  0.00
3.38  0.00
3.40  0.00
3.42  0.00
3.43  0.00
3.45  0.00
3.47  0.00
3.48  0.00
3.50  0.00
3.52  0.00
3.53  0.00
3.55  0.00
3.57  0.00
3.58  0.00
3.60  0.00
3.62  0.00
3.63  0.00
3.65  0.00
3.67  0.00
3.68  0.00
3.70  0.00
3.72  0.00
3.73  0.00
3.75  0.00
3.77  0.00
3.78  0.00
3.80  0.00
3.82  0.00
3.83  0.00
3.85  0.00
3.87  0.00
3.88  0.00
3.90  0.00
3.92  0.00
3.93  0.00
3.95  0.00
3.97  0.00
3.98  0.00
4.00  0.00
4.02  0.00
4.03  0.00
4.05  0.00
4.07  0.00
4.08  0.00
4.10  0.00
4.12  0.00
4.13  0.00
4.15  0.00
4.17  0.00
4.18  0.00
4.20  0.00
4.22  0.00
4.23  0.00
4.25  0.00
4.27  0.00
4.28  0.00
4.30  0.00
4.32  0.00
4.33  0.00
4.35  0.00
4.37  0.00
4.38  0.00
4.40  0.00
4.42  0.00
4.43  0.00
4.45  0.00
4.47  0.00
4.48  0.00
4.50  0.00
4.52  0.00
4.53  0.00
4.55  0.00
4.57  0.00
4.58  0.00
4.60  0.00
4.62  0.00
4.63  0.00
4.65  0.00
4.67  0.00
4.68  0.00
4.70  0.00
4.72  0.00
4.73  0.00
4.75  0.00
4.77  0.00
4.78  0.00
4.80  0.00
4.82  0.00
4.83  0.00
4.85  0.00
4.87  0.00
4.88  0.00
4.90  0.00
4.92  0.00
4.93  0.00
4.95  0.00
4.97  0.00
4.98  0.00
5.00  0.00
5.02  0.00
5.03  0.00
5.05  0.00
5.07  0.00
5.08  0.00
5.10  0.00
5.12  0.00
5.13  0.00
5.15  0.00
5.17  0.00
5.18  0.00
5.20  0.00
5.22  0.00
5.23  0.00
5.25  0.01
5.27  0.01
5.28  0.02
5.30  0.02
5.32  0.03
5.33  0.04
5.35  0.05
5.37  0.07
5.38  0.08
5.40  0.11
5.42  0.13
5.43  0.16
5.45  0.18
5.47  0.21
5.48  0.25
5.50  0.29
5.52  0.33
5.53  0.37
5.55  0.42
5.57  0.47
5.58  0.52
5.60  0.57
5.62  0.63
5.63  0.69
5.65  0.75
5.67  0.82
5.68  0.87
5.70  0.93
5.72  0.99
5.73  1.05
5.75  1.11
5.77  1.17
5.78  1.24
5.80  1.31
5.82  1.39
5.83  1.49
5.85  1.57
5.87  1.64
5.88  1.74
5.90  1.84
5.92  1.92
5.93  1.99
5.95  2.09
5.97  2.15
5.98  2.20
6.00  2.30
6.02  2.41
6.03  2.49
6.05  2.55
6.07  2.61
6.08  2.67
6.10  2.72
6.12  2.78
6.13  2.83
6.15  2.88
6.17  2.92
6.18  2.97
6.20  3.01
6.22  3.05
6.23  3.09
6.25  3.12
6.27  3.16
6.28  3.19
6.30  3.23
6.32  3.26
6.33  3.29
6.35  3.32
6.37  3.34
6.38  3.37
6.40  3.39
6.42  3.41
6.43  3.43
6.45  3.46
6.47  3.47
6.48  3.49
6.50  3.51
6.52  3.53
6.53  3.54
6.55  3.55
6.57  3.57
6.58  3.58
6.60  3.60
6.62  3.61
6.63  3.62
6.65  3.64
6.67  3.65
6.68  3.66
6.70  3.67
6.72  3.68
6.73  3.69
6.75  3.70
6.77  3.71
6.78  3.72
6.80  3.72
6.82  3.73
6.83  3.74
6.85  3.75
6.87  3.75
6.88  3.76
6.90  3.76
6.92  3.77
6.93  3.78
6.95  3.78
6.97  3.79
6.98  3.80
7.00  3.80
7.02  3.81
7.03  3.82
7.05  3.83
7.07  3.83
7.08  3.84
7.10  3.85
7.12  3.85
7.13  3.86
7.15  3.86
7.17  3.87
7.18  3.88
7.20  3.88
7.22  3.89
7.23  3.89
7.25  3.89
7.27  3.89
7.28  3.89
7.30  3.88
7.32  3.89
7.33  3.90
7.35  3.87
7.37  3.82
7.38  3.81
7.40  3.79
7.42  3.80
7.43  3.88
7.45  3.89
7.47  3.91
7.48  3.90
7.50  3.90
7.52  3.93
7.53  3.93
7.55  3.94
7.57  3.96
7.58  3.96
7.60  3.96
7.62  3.96
7.63  3.96
7.65  3.95
7.67  3.96
7.68  3.97
7.70  3.98
7.72  3.98
7.73  3.99
7.75  4.00
7.77  4.00
7.78  4.01
7.80  4.02
7.82  4.02
7.83  4.02
7.85  4.02
7.87  4.03
7.88  4.03
7.90  4.03
7.92  3.98
7.93  3.95
7.95  3.92
7.97  3.89
7.98  3.84
8.00  3.91
8.02  3.92
8.03  3.93
8.05  3.90
8.07  3.88
8.08  3.88
8.10  3.89
8.12  3.91
8.13  3.89
8.15  3.84
8.17  3.90
8.18  3.91
8.20  3.90
8.22  3.90
8.23  3.96
8.25  3.96
8.27  3.95
8.28  3.96
8.30  3.96
8.32  3.94
8.33  3.88
8.35  3.87
8.37  3.91
8.38  3.91
8.40  3.93
8.42  3.94
8.43  3.93
8.45  4.02
8.47  4.03
8.48  4.00
8.50  4.03
8.52  4.01
8.53  3.91
8.55  3.89
8.57  3.84
8.58  3.87
8.60  3.93
8.62  3.90
8.63  3.90
8.65  3.97
8.67  3.98
8.68  3.98
8.70  4.00
8.72  4.02
8.73  4.01
8.75  3.99
8.77  3.94
8.78  3.94
8.80  3.93
8.82  3.93
8.83  3.92
8.85  4.03
8.87  4.09
8.88  4.09
8.90  4.04
8.92  4.04
8.93  4.05
8.95  4.05
8.97  4.02
8.98  4.02
9.00  4.02
9.02  4.06
9.03  4.11
9.05  4.08
9.07  4.05
9.08  4.08
9.10  4.08
9.12  4.10
9.13  4.11
9.15  4.11
9.17  4.11
9.18  4.10
9.20  4.08
9.22  4.09
9.23  4.11
9.25  4.13
9.27  4.12
9.28  4.11
9.30  4.10
9.32  4.10
9.33  4.03
9.35  4.10
9.37  4.12
9.38  4.12
9.40  4.13
9.42  4.13
9.43  4.12
9.45  4.10
9.47  4.03
9.48  4.07
9.50  4.08
9.52  4.08
9.53  4.08
9.55  4.06
9.57  4.04
9.58  4.08
9.60  4.08
9.62  4.02
9.63  3.99
9.65  4.02
9.67  3.96
9.68  3.94
9.70  3.89
9.72  3.91
9.73  3.84
9.75  3.93
9.77  4.01
9.78  3.80
9.80  3.89
9.82  3.93
9.83  4.00
9.85  4.10
9.87  3.98
9.88  3.78
9.90  3.75
9.92  4.04
9.93  3.93
9.95  4.06
9.97  4.13
9.98  4.14
10.00  4.12
10.02  4.08
10.03  4.06
10.05  4.11
10.07  4.14
10.08  4.15
10.10  4.15
10.12  4.16
10.13  4.15
10.15  4.16
10.17  4.16
10.18  4.15
10.20  4.15
10.22  4.15
10.23  4.14
10.25  4.13
10.27  4.13
10.28  4.14
10.30  4.14
10.32  4.14
10.33  4.14
10.35  4.14
10.37  4.14
10.38  4.14
10.40  4.14
10.42  4.14
10.43  4.14
10.45  4.14
10.47  4.14
10.48  4.14
10.50  4.14
10.52  4.13
10.53  4.13
10.55  4.13
10.57  4.13
10.58  4.12
10.60  4.12
10.62  4.13
10.63  4.12
10.65  4.12
10.67  4.11
10.68  4.11
10.70  4.11
10.72  4.10
10.73  4.09
10.75  4.07
10.77  4.07
10.78  4.08
10.80  4.07
10.82  4.06
10.83  4.05
10.85  4.01
10.87  4.02
10.88  4.01
10.90  3.99
10.92  3.98
10.93  3.98
10.95  3.98
10.97  3.96
10.98  3.95
11.00  3.94
11.02  3.92
11.03  3.92
11.05  3.91
11.07  3.91
11.08  3.91
11.10  3.90
11.12  3.90
11.13  3.91
11.15  3.90
11.17  3.91
11.18  3.92
11.20  3.89
11.22  3.88
11.23  3.86
11.25  3.83
11.27  3.85
11.28  3.86
11.30  3.72
11.32  3.66
11.33  3.65
11.35  3.67
11.37  3.67
11.38  3.67
11.40  3.65
11.42  3.62
11.43  3.60
11.45  3.57
11.47  3.57
11.48  3.55
11.50  3.54
11.52  3.54
11.53  3.52
11.55  3.52
11.57  3.51
11.58  3.50
11.60  3.50
11.62  3.49
11.63  3.50
11.65  3.50
11.67  3.50
11.68  3.50
11.70  3.49
11.72  3.49
11.73  3.50
11.75  3.50
11.77  3.50
11.78  3.49
11.80  3.49
11.82  3.49
11.83  3.48
11.85  3.47
11.87  3.47
11.88  3.47
11.90  3.47
11.92  3.46
11.93  3.45
11.95  3.44
11.97  3.44
11.98  3.43
12.00  3.43
12.02  3.42
12.03  3.42
12.05  3.41
12.07  3.41
12.08  3.42
12.10  3.43
12.12  3.44
12.13  3.44
12.15  3.44
12.17  3.45
12.18  3.45
12.20  3.45
12.22  3.45
12.23  3.47
12.25  3.48
12.27  3.49
12.28  3.50
12.30  3.51
12.32  3.52
12.33  3.54
12.35  3.56
12.37  3.57
12.38  3.57
12.40  3.59
12.42  3.60
12.43  3.61
12.45  3.62
12.47  3.62
12.48  3.62
12.50  3.61
12.52  3.60
12.53  3.59
12.55  3.58
12.57  3.58
12.58  3.56
12.60  3.53
12.62  3.52
12.63  3.46
12.65  3.43
12.67  3.42
12.68  3.44
12.70  3.43
12.72  3.41
12.73  3.40
12.75  3.41
12.77  3.42
12.78  3.39
12.80  3.41
12.82  3.39
12.83  3.40
12.85  3.39
12.87  3.38
12.88  3.37
12.90  3.34
12.92  3.35
12.93  3.36
12.95  3.36
12.97  3.35
12.98  3.34
13.00  3.36
13.02  3.39
13.03  3.36
13.05  3.37
13.07  3.40
13.08  3.43
13.10  3.42
13.12  3.41
13.13  3.42
13.15  3.45
13.17  3.46
13.18  3.48
13.20  3.48
13.22  3.47
13.23  3.48
13.25  3.47
13.27  3.45
13.28  3.42
13.30  3.42
13.32  3.44
13.33  3.44
13.35  3.47
13.37  3.49
13.38  3.46
13.40  3.39
13.42  3.37
13.43  3.34
13.45  3.37
13.47  3.37
13.48  3.39
13.50  3.42
13.52  3.43
13.53  3.44
13.55  3.44
13.57  3.44
13.58  3.44
13.60  3.43
13.62  3.42
13.63  3.41
13.65  3.40
13.67  3.43
13.68  3.41
13.70  3.39
13.72  3.38
13.73  3.36
13.75  3.36
13.77  3.35
13.78  3.34
13.80  3.32
13.82  3.29
13.83  3.27
13.85  3.25
13.87  3.24
13.88  3.20
13.90  3.16
13.92  3.13
13.93  3.10
13.95  3.08
13.97  3.06
13.98  3.06
13.98  3.02
14.00  2.99
14.02  2.98
14.03  2.96
14.05  2.95
14.07  2.93
14.08  2.93
14.10  2.92
14.12  2.92
14.13  2.92
14.15  2.92
14.17  2.93
14.18  2.92
14.20  2.92
14.22  2.91
14.23  2.91
14.25  2.92
14.27  2.91
14.28  2.90
14.30  2.88
14.32  2.87
14.33  2.87
14.35  2.86
14.37  2.87
14.38  2.87
14.40  2.88
14.42  2.90
14.43  2.91
14.45  2.91
14.47  2.91
14.48  2.90
14.50  2.89
14.52  2.88
14.53  2.85
14.55  2.86
14.57  2.86
14.58  2.86
14.60  2.87
14.62  2.86
14.63  2.85
14.65  2.83
14.67  2.82
14.68  2.81
14.70  2.78
14.72  2.75
14.73  2.71
14.75  2.70
14.77  2.71
14.78  2.74
14.80  2.78
14.82  2.80
14.83  2.80
14.85  2.80
14.87  2.81
14.88  2.82
14.90  2.84
14.92  2.85
14.93  2.85
14.95  2.86
14.97  2.87
14.98  2.87
15.00  2.85
15.02  2.85
15.03  2.86
15.05  2.85
15.07  2.84
15.08  2.84
15.10  2.86
15.12  2.88
15.13  2.90
15.15  2.90
15.17  2.89
15.18  2.86
15.20  2.83
15.22  2.79
15.23  2.80
15.25  2.82
15.27  2.82
15.28  2.81
15.30  2.82
15.32  2.80
15.33  2.80
15.35  2.78
15.37  2.78
15.38  2.76
15.40  2.74
15.42  2.74
15.43  2.74
15.45  2.73
15.47  2.73
15.48  2.72
15.50  2.72
15.52  2.71
15.53  2.72
15.55  2.72
15.57  2.71
15.58  2.80
15.60  2.78
15.62  2.78
15.63  2.80
15.65  2.81
15.67  2.80
15.68  2.79
15.70  2.78
15.72  2.77
15.73  2.74
15.75  2.75
15.77  2.81
15.78  2.82
15.80  2.83
15.82  2.84
15.83  2.84
15.85  2.83
15.87  2.85
15.88  2.88
15.90  2.89
15.92  2.88
15.93  2.88
15.95  2.89
15.97  2.87
15.98  2.87
16.00  2.85
16.02  2.87
16.03  2.91
16.05  2.93
16.07  2.98
16.08  3.01
16.10  3.04
16.12  3.05
16.13  3.07
16.15  3.11
16.17  3.13
16.18  3.14
16.20  3.15
16.22  3.15
16.23  3.16
16.25  3.17
16.27  3.18
16.28  3.18
16.30  3.18
16.32  3.18
16.33  3.17
16.35  3.17
16.37  3.17
16.38  3.16
16.40  3.16
16.42  3.15
16.43  3.14
16.45  3.13
16.47  3.09
16.48  3.04
16.50  2.99
16.52  2.94
16.53  2.90
16.55  2.85
16.57  2.81
16.58  2.79
16.60  2.78
16.62  2.78
16.63  2.78
16.65  2.79
16.67  2.80
16.68  2.82
16.70  2.83
16.72  2.81
16.73  2.80
16.75  2.79
16.77  2.78
16.78  2.77
16.80  2.78
16.82  2.78
16.83  2.79
16.85  2.79
16.87  2.78
16.88  2.77
16.90  2.77
16.92  2.77
16.93  2.78
16.95  2.78
16.97  2.77
16.98  2.76
17.00  2.75
17.02  2.73
17.03  2.71
17.05  2.69
17.07  2.66
17.08  2.63
17.10  2.60
17.12  2.57
17.13  2.56
17.15  2.56
17.17  2.56
17.18  2.55
17.20  2.54
17.22  2.53
17.23  2.51
17.25  2.49
17.27  2.47
17.28  2.44
17.30  2.40
17.32  2.37
17.33  2.34
17.35  2.33
17.37  2.34
17.38  2.35
17.40  2.36
17.42  2.37
17.43  2.39
17.45  2.41
17.47  2.43
17.48  2.44
17.50  2.43
17.52  2.42
17.53  2.40
17.55  2.37
17.57  2.33
17.58  2.30
17.60  2.26
17.62  2.22
17.63  2.17
17.65  2.12
17.67  2.07
17.68  2.02
17.70  1.97
17.72  1.93
17.73  1.89
17.75  1.85
17.77  1.81
17.78  1.77
17.80  1.73
17.82  1.69
17.83  1.65
17.85  1.61
17.87  1.58
17.88  1.56
17.90  1.53
17.92  1.51
17.93  1.48
17.95  1.46
17.97  1.44
17.98  1.41
18.00  1.39
18.02  1.38
18.03  1.36
18.05  1.33
18.07  1.31
18.08  1.28
18.10  1.25
18.12  1.22
18.13  1.20
18.15  1.18
18.17  1.15
18.18  1.12
18.20  1.10
18.22  1.07
18.23  1.04
18.25  1.00
18.27  0.97
18.28  0.92
18.30  0.88
18.32  0.83
18.33  0.77
18.35  0.72
18.37  0.67
18.38  0.62
18.40  0.56
18.42  0.52
18.43  0.47
18.45  0.43
18.47  0.39
18.48  0.36
18.50  0.33
18.52  0.30
18.53  0.27
18.55  0.24
18.57  0.21
18.58  0.19
18.60  0.17
18.62  0.15
18.63  0.13
18.65  0.11
18.67  0.09
18.68  0.07
18.70  0.06
18.72  0.05
18.73  0.04
18.75  0.03
18.77  0.02
18.78  0.01
18.80  0.01
18.82  0.00
18.83  0.00
18.85  0.00
18.87  0.00
18.88  0.00
18.90  0.00
18.92  0.00
18.93  0.00
18.95  0.00
18.97  0.00
18.98  0.00
19.00  0.00
19.02  0.00
19.03  0.00
19.05  0.00
19.07  0.00
19.08  0.00
19.10  0.00
19.12  0.00
19.13  0.00
19.15  0.00
19.17  0.00
19.18  0.00
19.20  0.00
19.22  0.00
19.23  0.00
19.25  0.00
19.27  0.00
19.28  0.00
19.30  0.00
19.32  0.00
19.33  0.00
19.35  0.00
19.37  0.00
19.38  0.00
19.40  0.00
19.42  0.00
19.43  0.00
19.45  0.00
19.47  0.00
19.48  0.00
19.50  0.00
19.52  0.00
19.53  0.00
19.55  0.00
19.57  0.00
19.58  0.00
19.60  0.00
19.62  0.00
19.63  0.00
19.65  0.00
19.67  0.00
19.68  0.00
19.70  0.00
19.72  0.00
19.73  0.00
19.75  0.00
19.77  0.00
19.78  0.00
19.80  0.00
19.82  0.00
19.83  0.00
19.85  0.00
19.87  0.00
19.88  0.00
19.90  0.00
19.92  0.00
19.93  0.00
19.95  0.00
19.97  0.00
19.98  0.00
20.00  0.00
20.02  0.00
20.03  0.00
20.05  0.00
20.07  0.00
20.08  0.00
20.10  0.00
20.12  0.00
20.13  0.00
20.15  0.00
20.17  0.00
20.18  0.00
20.20  0.00
20.22  0.00
20.23  0.00
20.25  0.00
20.27  0.00
20.28  0.00
20.30  0.00
20.32  0.00
20.33  0.00
20.35  0.00
20.37  0.00
20.38  0.00
20.40  0.00
20.42  0.00
20.43  0.00
20.45  0.00
20.47  0.00
20.48  0.00
20.50  0.00
20.52  0.00
20.53  0.00
20.55  0.00
20.57  0.00
20.58  0.00
20.60  0.00
20.62  0.00
20.63  0.00
20.65  0.00
20.67  0.00
20.68  0.00
20.70  0.00
20.72  0.00
20.73  0.00
20.75  0.00
20.77  0.00
20.78  0.00
20.80  0.00
20.82  0.00
20.83  0.00
20.85  0.00
20.87  0.00
20.88  0.00
20.90  0.00
20.92  0.00
20.93  0.00
20.95  0.00
20.97  0.00
20.98  0.00
21.00  0.00
21.02  0.00
21.03  0.00
21.05  0.00
21.07  0.00
21.08  0.00
21.10  0.00
21.12  0.00
21.13  0.00
21.15  0.00
21.17  0.00
21.18  0.00
21.20  0.00
21.22  0.00
21.23  0.00
21.25  0.00
21.27  0.00
21.28  0.00
21.30  0.00
21.32  0.00
21.33  0.00
21.35  0.00
21.37  0.00
21.38  0.00
21.40  0.00
21.42  0.00
21.43  0.00
21.45  0.00
21.47  0.00
21.48  0.00
21.50  0.00
21.52  0.00
21.53  0.00
21.55  0.00
21.57  0.00
21.58  0.00
21.60  0.00
21.62  0.00
21.63  0.00
21.65  0.00
21.67  0.00
21.68  0.00
21.70  0.00
21.72  0.00
21.73  0.00
21.75  0.00
21.77  0.00
21.78  0.00
21.80  0.00
21.82  0.00
21.83  0.00
21.85  0.00
21.87  0.00
21.88  0.00
21.90  0.00
21.92  0.00
21.93  0.00
21.95  0.00
21.97  0.00
21.98  0.00
22.00  0.00
22.02  0.00
22.03  0.00
22.05  0.00
22.07  0.00
22.08  0.00
22.10  0.00
22.12  0.00
22.13  0.00
22.15  0.00
22.17  0.00
22.18  0.00
22.20  0.00
22.22  0.00
22.23  0.00
22.25  0.00
22.27  0.00
22.28  0.00
22.30  0.00
22.32  0.00
22.33  0.00
22.35  0.00
22.37  0.00
22.38  0.00
22.40  0.00
22.42  0.00
22.43  0.00
22.45  0.00
22.47  0.00
22.48  0.00
22.50  0.00
22.52  0.00
22.53  0.00
22.55  0.00
22.57  0.00
22.58  0.00
22.60  0.00
22.62  0.00
22.63  0.00
22.65  0.00
22.67  0.00
22.68  0.00
22.70  0.00
22.72  0.00
22.73  0.00
22.75  0.00
22.77  0.00
22.78  0.00
22.80  0.00
22.82  0.00
22.83  0.00
22.85  0.00
22.87  0.00
22.88  0.00
22.90  0.00
22.92  0.00
22.93  0.00
22.95  0.00
22.97  0.00
22.98  0.00
23.00  0.00
23.02  0.00
23.03  0.00
23.05  0.00
23.07  0.00
23.08  0.00
23.10  0.00
23.12  0.00
23.13  0.00
23.15  0.00
23.17  0.00
23.18  0.00
23.20  0.00
23.22  0.00
23.23  0.00
23.25  0.00
23.27  0.00
23.28  0.00
23.30  0.00
23.32  0.00
23.33  0.00
23.35  0.00
23.37  0.00
23.38  0.00
23.40  0.00
23.42  0.00
23.43  0.00
23.45  0.00
23.47  0.00
23.48  0.00
23.50  0.00
23.52  0.00
23.53  0.00
23.55  0.00
23.57  0.00
23.58  0.00
23.60  0.00
23.62  0.00
23.63  0.00
23.65  0.00
23.67  0.00
23.68  0.00
23.70  0.00
23.72  0.00
23.73  0.00
23.75  0.00
23.77  0.00
23.78  0.00
23.80  0.00
23.82  0.00
23.83  0.00
23.85  0.00
23.87  0.00
23.88  0.00
23.90  0.00
23.92  0.00
23.93  0.00
23.95  0.00
23.97  0.00
23.98  0.00
