genericdec
-3.60   40.15
9   6   2015
0.00  0.00
0.02  0.00
0.03  0.00
0.05  0.00
0.07  0.00
0.08  0.00
0.10  0.00
0.12  0.00
0.13  0.00
0.15  0.00
0.17  0.00
0.18  0.00
0.20  0.00
0.22  0.00
0.23  0.00
0.25  0.00
0.27  0.00
0.28  0.00
0.30  0.00
0.32  0.00
0.33  0.00
0.35  0.00
0.37  0.00
0.38  0.00
0.40  0.00
0.42  0.00
0.43  0.00
0.45  0.00
0.47  0.00
0.48  0.00
0.50  0.00
0.52  0.00
0.53  0.00
0.55  0.00
0.57  0.00
0.58  0.00
0.60  0.00
0.62  0.00
0.63  0.00
0.65  0.00
0.67  0.00
0.68  0.00
0.70  0.00
0.72  0.00
0.73  0.00
0.75  0.00
0.77  0.00
0.78  0.00
0.80  0.00
0.82  0.00
0.83  0.00
0.85  0.00
0.87  0.00
0.88  0.00
0.90  0.00
0.92  0.00
0.93  0.00
0.95  0.00
0.97  0.00
0.98  0.00
1.00  0.00
1.02  0.00
1.03  0.00
1.05  0.00
1.07  0.00
1.08  0.00
1.10  0.00
1.12  0.00
1.13  0.00
1.15  0.00
1.17  0.00
1.18  0.00
1.20  0.00
1.22  0.00
1.23  0.00
1.25  0.00
1.27  0.00
1.28  0.00
1.30  0.00
1.32  0.00
1.33  0.00
1.35  0.00
1.37  0.00
1.38  0.00
1.40  0.00
1.42  0.00
1.43  0.00
1.45  0.00
1.47  0.00
1.48  0.00
1.50  0.00
1.52  0.00
1.53  0.00
1.55  0.00
1.57  0.00
1.58  0.00
1.60  0.00
1.62  0.00
1.63  0.00
1.65  0.00
1.67  0.00
1.68  0.00
1.70  0.00
1.72  0.00
1.73  0.00
1.75  0.00
1.77  0.00
1.78  0.00
1.80  0.00
1.82  0.00
1.83  0.00
1.85  0.00
1.87  0.00
1.88  0.00
1.90  0.00
1.92  0.00
1.93  0.00
1.95  0.00
1.97  0.00
1.98  0.00
2.00  0.00
2.02  0.00
2.03  0.00
2.05  0.00
2.07  0.00
2.08  0.00
2.10  0.00
2.12  0.00
2.13  0.00
2.15  0.00
2.17  0.00
2.18  0.00
2.20  0.00
2.22  0.00
2.23  0.00
2.25  0.00
2.27  0.00
2.28  0.00
2.30  0.00
2.32  0.00
2.33  0.00
2.35  0.00
2.37  0.00
2.38  0.00
2.40  0.00
2.42  0.00
2.43  0.00
2.45  0.00
2.47  0.00
2.48  0.00
2.50  0.00
2.52  0.00
2.53  0.00
2.55  0.00
2.57  0.00
2.58  0.00
2.60  0.00
2.62  0.00
2.63  0.00
2.65  0.00
2.67  0.00
2.68  0.00
2.70  0.00
2.72  0.00
2.73  0.00
2.75  0.00
2.77  0.00
2.78  0.00
2.80  0.00
2.82  0.00
2.83  0.00
2.85  0.00
2.87  0.00
2.88  0.00
2.90  0.00
2.92  0.00
2.93  0.00
2.95  0.00
2.97  0.00
2.98  0.00
3.00  0.00
3.02  0.00
3.03  0.00
3.05  0.00
3.07  0.00
3.08  0.00
3.10  0.00
3.12  0.00
3.13  0.00
3.15  0.00
3.17  0.00
3.18  0.00
3.20  0.01
3.22  0.01
3.23  0.01
3.25  0.01
3.27  0.02
3.28  0.02
3.30  0.03
3.32  0.03
3.33  0.03
3.35  0.04
3.37  0.04
3.38  0.04
3.40  0.05
3.42  0.05
3.43  0.05
3.45  0.06
3.47  0.06
3.48  0.07
3.50  0.07
3.52  0.08
3.53  0.09
3.55  0.10
3.57  0.11
3.58  0.13
3.60  0.15
3.62  0.17
3.63  0.19
3.65  0.21
3.67  0.22
3.68  0.25
3.70  0.28
3.72  0.31
3.73  0.34
3.75  0.36
3.77  0.39
3.78  0.40
3.80  0.43
3.82  0.45
3.83  0.48
3.85  0.50
3.87  0.51
3.88  0.51
3.90  0.51
3.92  0.52
3.93  0.53
3.95  0.55
3.97  0.56
3.98  0.57
4.00  0.57
4.02  0.57
4.03  0.56
4.05  0.54
4.07  0.53
4.08  0.51
4.10  0.49
4.12  0.48
4.13  0.49
4.15  0.50
4.17  0.52
4.18  0.53
4.20  0.54
4.22  0.54
4.23  0.54
4.25  0.55
4.27  0.56
4.28  0.57
4.30  0.58
4.32  0.59
4.33  0.60
4.35  0.62
4.37  0.66
4.38  0.68
4.40  0.69
4.42  0.70
4.43  0.68
4.45  0.64
4.47  0.62
4.48  0.61
4.50  0.62
4.52  0.62
4.53  0.64
4.55  0.66
4.57  0.68
4.58  0.68
4.60  0.72
4.62  0.77
4.63  0.80
4.65  0.79
4.67  0.77
4.68  0.74
4.70  0.69
4.72  0.66
4.73  0.63
4.75  0.61
4.77  0.58
4.78  0.57
4.80  0.58
4.82  0.59
4.83  0.65
4.85  0.73
4.87  0.82
4.88  0.92
4.90  0.97
4.92  0.99
4.93  0.97
4.95  0.91
4.97  0.86
4.98  0.81
5.00  0.82
5.02  0.81
5.03  0.81
5.05  0.81
5.07  0.80
5.08  0.83
5.10  0.87
5.12  0.87
5.13  0.90
5.15  0.90
5.17  0.90
5.18  0.96
5.20  1.01
5.22  1.02
5.23  1.02
5.25  0.99
5.27  0.96
5.28  0.95
5.30  0.91
5.32  0.85
5.33  0.82
5.35  0.82
5.37  0.86
5.38  0.91
5.40  1.00
5.42  1.07
5.43  1.09
5.45  1.07
5.47  1.05
5.48  1.02
5.50  0.97
5.52  0.92
5.53  0.87
5.55  0.84
5.57  0.80
5.58  0.78
5.60  0.77
5.62  0.80
5.63  0.83
5.65  0.88
5.67  0.93
5.68  0.96
5.70  0.94
5.72  0.91
5.73  0.89
5.75  0.90
5.77  0.90
5.78  0.93
5.80  0.97
5.82  1.03
5.83  1.04
5.85  1.01
5.87  0.98
5.88  0.99
5.90  1.05
5.92  1.11
5.93  1.15
5.95  1.18
5.97  1.28
5.98  1.37
6.00  1.45
6.02  1.51
6.03  1.60
6.05  1.65
6.07  1.62
6.08  1.61
6.10  1.57
6.12  1.51
6.13  1.51
6.15  1.56
6.17  1.56
6.18  1.57
6.20  1.64
6.22  1.65
6.23  1.60
6.25  1.56
6.27  1.56
6.28  1.55
6.30  1.55
6.32  1.54
6.33  1.52
6.35  1.48
6.37  1.46
6.38  1.45
6.40  1.43
6.42  1.45
6.43  1.48
6.45  1.53
6.47  1.60
6.48  1.68
6.50  1.75
6.52  1.81
6.53  1.86
6.55  1.92
6.57  1.98
6.58  2.05
6.60  2.08
6.62  2.08
6.63  2.10
6.65  2.16
6.67  2.28
6.68  2.41
6.70  2.52
6.72  2.64
6.73  2.70
6.75  2.87
6.77  2.85
6.78  2.64
6.80  3.19
6.82  2.74
6.83  2.41
6.85  2.38
6.87  2.48
6.88  2.47
6.90  2.52
6.92  2.98
6.93  3.47
6.95  3.20
6.97  2.71
6.98  2.61
7.00  2.66
7.02  2.79
7.03  3.48
7.05  3.77
7.07  3.65
7.08  3.78
7.10  3.47
7.12  3.71
7.13  3.39
7.15  3.73
7.17  3.82
7.18  3.82
7.20  3.82
7.22  3.84
7.23  3.84
7.25  3.77
7.27  3.87
7.28  3.79
7.30  3.78
7.32  3.64
7.33  3.15
7.35  2.98
7.37  3.06
7.38  3.12
7.40  3.17
7.42  2.94
7.43  2.83
7.45  2.82
7.47  2.83
7.48  2.72
7.50  2.65
7.52  2.60
7.53  2.59
7.55  2.63
7.57  3.10
7.58  2.97
7.60  3.14
7.62  3.49
7.63  3.40
7.65  3.22
7.67  3.66
7.68  3.96
7.70  3.96
7.72  3.92
7.73  3.84
7.75  3.39
7.77  3.06
7.78  2.61
7.80  2.53
7.82  2.54
7.83  3.35
7.85  3.88
7.87  3.95
7.88  3.96
7.90  3.95
7.92  3.96
7.93  3.96
7.95  3.96
7.97  3.96
7.98  3.96
8.00  3.97
8.02  3.97
8.03  3.97
8.05  3.97
8.07  3.97
8.08  3.98
8.10  3.98
8.12  3.98
8.13  3.98
8.15  3.91
8.17  3.54
8.18  2.85
8.20  2.79
8.22  2.77
8.23  2.75
8.25  2.71
8.27  2.70
8.28  2.67
8.30  2.64
8.32  2.61
8.33  2.58
8.35  2.57
8.37  2.55
8.38  2.54
8.40  2.53
8.42  2.53
8.43  2.55
8.45  2.56
8.47  2.60
8.48  2.56
8.50  2.52
8.52  2.49
8.53  2.48
8.55  2.47
8.57  2.45
8.58  2.45
8.60  2.44
8.62  2.43
8.63  2.43
8.65  2.42
8.67  2.41
8.68  2.41
8.70  2.43
8.72  2.51
8.73  2.58
8.75  2.61
8.77  2.75
8.78  2.73
8.80  2.75
8.82  2.72
8.83  2.67
8.85  2.72
8.87  2.76
8.88  2.79
8.90  2.76
8.92  2.72
8.93  2.69
8.95  2.67
8.97  2.65
8.98  2.62
9.00  2.60
9.02  2.58
9.03  2.63
9.05  2.62
9.07  2.62
9.08  2.66
9.10  2.64
9.12  2.63
9.13  2.68
9.15  2.69
9.17  2.68
9.18  2.67
9.20  2.68
9.22  2.68
9.23  2.67
9.25  2.62
9.27  2.58
9.28  2.53
9.30  2.50
9.32  2.49
9.33  2.46
9.35  2.43
9.37  2.37
9.38  2.32
9.40  2.27
9.42  2.24
9.43  2.22
9.45  2.20
9.47  2.19
9.48  2.19
9.50  2.18
9.52  2.17
9.53  2.16
9.55  2.15
9.57  2.14
9.58  2.08
9.60  2.08
9.62  2.02
9.63  2.00
9.65  2.02
9.67  2.21
9.68  2.29
9.70  2.22
9.72  2.10
9.73  2.20
9.75  2.22
9.77  2.17
9.78  2.02
9.80  2.08
9.82  2.22
9.83  2.22
9.85  2.27
9.87  2.23
9.88  2.22
9.90  2.21
9.92  2.09
9.93  2.12
9.95  2.13
9.97  2.19
9.98  2.18
10.00  2.26
10.02  2.26
10.03  2.30
10.05  2.32
10.07  2.29
10.08  2.23
10.10  2.20
10.12  2.17
10.13  2.26
10.15  2.24
10.17  2.28
10.18  2.25
10.20  2.18
10.22  2.17
10.23  2.14
10.25  2.03
10.27  1.98
10.28  2.13
10.30  2.19
10.32  2.28
10.33  2.39
10.35  2.41
10.37  2.36
10.38  2.31
10.40  2.23
10.42  2.19
10.43  2.16
10.45  2.12
10.47  2.08
10.48  2.19
10.50  2.20
10.52  2.17
10.53  2.05
10.55  1.96
10.57  1.90
10.58  1.85
10.60  1.77
10.62  1.69
10.63  1.68
10.65  1.68
10.67  1.70
10.68  1.75
10.70  1.71
10.72  1.88
10.73  1.94
10.75  2.10
10.77  2.27
10.78  2.38
10.80  2.43
10.82  2.38
10.83  2.32
10.85  2.24
10.87  2.19
10.88  2.17
10.90  2.05
10.92  1.90
10.93  1.91
10.95  1.87
10.97  1.69
10.98  1.63
11.00  1.63
11.02  1.72
11.03  1.79
11.05  1.78
11.07  1.70
11.08  1.69
11.10  1.73
11.12  1.72
11.13  1.70
11.15  1.68
11.17  1.66
11.18  1.64
11.20  1.65
11.22  1.67
11.23  1.72
11.23  1.79
11.25  1.91
11.27  2.11
11.28  2.27
11.30  2.32
11.32  2.29
11.33  2.21
11.35  2.18
11.37  2.11
11.38  2.06
11.40  2.06
11.42  2.07
11.43  2.09
11.45  2.07
11.47  2.02
11.48  2.00
11.50  1.98
11.52  1.94
11.53  1.92
11.55  1.84
11.57  1.78
11.58  1.90
11.60  1.95
11.62  1.99
11.63  2.05
11.65  2.00
11.67  1.86
11.68  1.73
11.70  1.82
11.72  1.74
11.73  1.67
11.75  1.58
11.77  1.54
11.78  1.51
11.80  1.39
11.82  1.25
11.83  1.13
11.85  1.04
11.87  1.00
11.88  1.09
11.90  1.21
11.92  1.21
11.93  1.19
11.95  1.05
11.97  0.92
11.98  0.90
12.00  1.07
12.02  1.43
12.03  1.84
12.05  2.01
12.07  2.11
12.08  2.19
12.10  2.26
12.12  2.29
12.13  2.29
12.15  2.30
12.17  2.29
12.18  2.26
12.20  2.26
12.22  2.26
12.23  2.24
12.25  2.22
12.27  2.18
12.28  2.14
12.30  2.16
12.32  2.15
12.33  2.13
12.35  2.16
12.37  2.13
12.38  2.12
12.40  2.17
12.42  2.21
12.43  2.24
12.45  2.26
12.47  2.27
12.48  2.28
12.50  2.32
12.52  2.37
12.53  2.39
12.55  2.38
12.57  2.34
12.58  2.29
12.60  2.22
12.62  2.16
12.63  2.04
12.65  2.01
12.67  2.05
12.68  2.01
12.70  1.94
12.72  1.85
12.73  1.81
12.75  1.89
12.77  1.98
12.78  1.96
12.80  1.89
12.82  1.85
12.83  1.83
12.85  1.87
12.87  1.98
12.88  1.96
12.90  2.02
12.92  2.09
12.93  2.02
12.95  1.96
12.97  1.86
12.98  1.82
13.00  1.82
13.02  1.90
13.03  2.01
13.05  2.06
13.07  2.09
13.08  2.10
13.10  2.12
13.12  2.13
13.13  2.18
13.15  2.25
13.17  2.30
13.18  2.24
13.20  2.12
13.22  2.07
13.23  2.05
13.25  2.08
13.27  2.08
13.28  2.13
13.30  2.12
13.32  2.01
13.33  1.91
13.35  1.89
13.37  1.92
13.38  1.98
13.40  1.99
13.42  2.06
13.43  2.15
13.45  2.11
13.47  2.09
13.48  2.09
13.50  2.05
13.52  1.98
13.53  1.80
13.55  1.82
13.57  1.82
13.58  1.82
13.60  1.88
13.62  1.91
13.63  1.90
13.65  1.79
13.67  1.72
13.68  1.66
13.70  1.65
13.72  1.76
13.73  1.88
13.75  1.95
13.77  1.99
13.78  1.97
13.80  1.94
13.82  2.01
13.83  2.05
13.85  2.08
13.87  2.07
13.88  2.05
13.90  2.08
13.92  1.93
13.93  1.79
13.95  1.77
13.97  1.74
13.98  1.71
14.00  1.67
14.02  1.65
14.03  1.71
14.05  1.79
14.07  1.82
14.08  1.78
14.10  1.74
14.12  1.73
14.13  1.67
14.15  1.59
14.17  1.53
14.18  1.51
14.20  1.63
14.22  1.72
14.23  1.67
14.25  1.57
14.27  1.52
14.28  1.50
14.30  1.45
14.32  1.45
14.33  1.49
14.35  1.52
14.37  1.56
14.38  1.68
14.40  1.83
14.42  1.87
14.43  1.79
14.45  1.68
14.47  1.61
14.48  1.59
14.50  1.61
14.52  1.60
14.53  1.55
14.55  1.50
14.57  1.47
14.58  1.48
14.60  1.46
14.62  1.45
14.63  1.44
14.65  1.41
14.67  1.39
14.68  1.37
14.70  1.33
14.72  1.29
14.73  1.28
14.75  1.23
14.77  1.18
14.78  1.12
14.80  1.12
14.82  1.13
14.83  1.15
14.85  1.18
14.87  1.19
14.88  1.17
14.90  1.17
14.92  1.22
14.93  1.27
14.95  1.31
14.97  1.31
14.98  1.26
15.00  1.20
15.02  1.16
15.03  1.17
15.05  1.19
15.07  1.19
15.08  1.25
15.10  1.34
15.12  1.42
15.13  1.51
15.15  1.56
15.17  1.58
15.18  1.56
15.20  1.55
15.22  1.55
15.23  1.55
15.25  1.57
15.27  1.56
15.28  1.58
15.30  1.59
15.32  1.60
15.33  1.61
15.35  1.61
15.37  1.62
15.38  1.65
15.40  1.64
15.42  1.61
15.43  1.56
15.45  1.49
15.47  1.43
15.48  1.40
15.50  1.41
15.52  1.44
15.53  1.47
15.55  1.49
15.57  1.53
15.58  1.54
15.60  1.54
15.62  1.53
15.63  1.55
15.65  1.58
15.67  1.56
15.68  1.53
15.70  1.54
15.72  1.55
15.73  1.55
15.75  1.53
15.77  1.49
15.78  1.43
15.80  1.32
15.82  1.23
15.83  1.19
15.85  1.23
15.87  1.27
15.88  1.31
15.90  1.32
15.92  1.29
15.93  1.23
15.95  1.20
15.97  1.20
15.98  1.22
16.00  1.25
16.02  1.25
16.03  1.24
16.05  1.26
16.07  1.30
16.08  1.32
16.10  1.32
16.12  1.31
16.13  1.31
16.15  1.32
16.17  1.33
16.18  1.35
16.20  1.35
16.22  1.32
16.23  1.28
16.25  1.25
16.27  1.22
16.28  1.19
16.30  1.16
16.32  1.15
16.33  1.15
16.35  1.16
16.37  1.16
16.38  1.14
16.40  1.11
16.42  1.09
16.43  1.08
16.45  1.07
16.47  1.07
16.48  1.07
16.50  1.08
16.52  1.10
16.53  1.11
16.55  1.13
16.57  1.14
16.58  1.14
16.60  1.10
16.62  1.08
16.63  1.11
16.65  1.12
16.67  1.16
16.68  1.18
16.70  1.19
16.72  1.24
16.73  1.27
16.75  1.26
16.77  1.26
16.78  1.27
16.80  1.25
16.82  1.21
16.83  1.16
16.85  1.12
16.87  1.11
16.88  1.11
16.90  1.11
16.92  1.09
16.93  1.07
16.95  1.05
16.97  1.04
16.98  1.03
17.00  1.03
17.02  1.00
17.03  0.98
17.05  0.95
17.07  0.93
17.08  0.93
17.10  0.91
17.12  0.88
17.13  0.84
17.15  0.80
17.17  0.79
17.18  0.78
17.20  0.77
17.22  0.76
17.23  0.75
17.25  0.74
17.27  0.74
17.28  0.72
17.30  0.71
17.32  0.70
17.33  0.70
17.35  0.69
17.37  0.67
17.38  0.67
17.40  0.66
17.42  0.65
17.43  0.63
17.45  0.62
17.47  0.61
17.48  0.61
17.50  0.61
17.52  0.62
17.53  0.62
17.55  0.61
17.57  0.60
17.58  0.60
17.60  0.60
17.62  0.60
17.63  0.45
17.65  0.45
17.67  0.58
17.68  0.58
17.70  0.58
17.72  0.59
17.73  0.58
17.75  0.57
17.77  0.56
17.78  0.54
17.80  0.53
17.82  0.52
17.83  0.51
17.85  0.50
17.87  0.48
17.88  0.47
17.90  0.45
17.92  0.44
17.93  0.42
17.95  0.41
17.97  0.39
17.98  0.38
18.00  0.36
18.02  0.34
18.03  0.32
18.05  0.31
18.07  0.29
18.08  0.28
18.10  0.26
18.12  0.25
18.13  0.24
18.15  0.23
18.17  0.21
18.18  0.20
18.20  0.19
18.22  0.17
18.23  0.16
18.25  0.15
18.27  0.14
18.28  0.13
18.30  0.12
18.32  0.10
18.33  0.09
18.35  0.08
18.37  0.07
18.38  0.06
18.40  0.04
18.42  0.04
18.43  0.03
18.45  0.03
18.47  0.03
18.48  0.02
18.50  0.02
18.52  0.01
18.53  0.01
18.55  0.01
18.57  0.00
18.58  0.00
18.60  0.00
18.62  0.00
18.63  0.00
18.65  0.00
18.67  0.00
18.68  0.00
18.70  0.00
18.72  0.00
18.73  0.00
18.75  0.00
18.77  0.00
18.78  0.00
18.80  0.00
18.82  0.00
18.83  0.00
18.85  0.00
18.87  0.00
18.88  0.00
18.90  0.00
18.92  0.00
18.93  0.00
18.95  0.00
18.97  0.00
18.98  0.00
19.00  0.00
19.02  0.00
19.03  0.00
19.05  0.00
19.07  0.00
19.08  0.00
19.10  0.00
19.12  0.00
19.13  0.00
19.15  0.00
19.17  0.00
19.18  0.00
19.20  0.00
19.22  0.00
19.23  0.00
19.25  0.00
19.27  0.00
19.28  0.00
19.30  0.00
19.32  0.00
19.33  0.00
19.35  0.00
19.37  0.00
19.38  0.00
19.40  0.00
19.42  0.00
19.43  0.00
19.45  0.00
19.47  0.00
19.48  0.00
19.50  0.00
19.52  0.00
19.53  0.00
19.55  0.00
19.57  0.00
19.58  0.00
19.60  0.00
19.62  0.00
19.63  0.00
19.65  0.00
19.67  0.00
19.68  0.00
19.70  0.00
19.72  0.00
19.73  0.00
19.75  0.00
19.77  0.00
19.78  0.00
19.80  0.00
19.82  0.00
19.83  0.00
19.85  0.00
19.87  0.00
19.88  0.00
19.90  0.00
19.92  0.00
19.93  0.00
19.95  0.00
19.97  0.00
19.98  0.00
20.00  0.00
20.02  0.00
20.03  0.00
20.05  0.00
20.07  0.00
20.08  0.00
20.10  0.00
20.12  0.00
20.13  0.00
20.15  0.00
20.17  0.00
20.18  0.00
20.20  0.00
20.22  0.00
20.23  0.00
20.25  0.00
20.27  0.00
20.28  0.00
20.30  0.00
20.32  0.00
20.33  0.00
20.35  0.00
20.37  0.00
20.38  0.00
20.40  0.00
20.42  0.00
20.43  0.00
20.45  0.00
20.47  0.00
20.48  0.00
20.50  0.00
20.52  0.00
20.53  0.00
20.55  0.00
20.57  0.00
20.58  0.00
20.60  0.00
20.62  0.00
20.63  0.00
20.65  0.00
20.67  0.00
20.68  0.00
20.70  0.00
20.72  0.00
20.73  0.00
20.75  0.00
20.77  0.00
20.78  0.00
20.80  0.00
20.82  0.00
20.83  0.00
20.85  0.00
20.87  0.00
20.88  0.00
20.90  0.00
20.92  0.00
20.93  0.00
20.95  0.00
20.97  0.00
20.98  0.00
21.00  0.00
21.02  0.00
21.03  0.00
21.05  0.00
21.07  0.00
21.08  0.00
21.10  0.00
21.12  0.00
21.13  0.00
21.15  0.00
21.17  0.00
21.18  0.00
21.20  0.00
21.22  0.00
21.23  0.00
21.25  0.00
21.27  0.00
21.28  0.00
21.30  0.00
21.32  0.00
21.33  0.00
21.35  0.00
21.37  0.00
21.38  0.00
21.40  0.00
21.42  0.00
21.43  0.00
21.45  0.00
21.47  0.00
21.48  0.00
21.50  0.00
21.52  0.00
21.53  0.00
21.55  0.00
21.57  0.00
21.58  0.00
21.60  0.00
21.62  0.00
21.63  0.00
21.65  0.00
21.67  0.00
21.68  0.00
21.70  0.00
21.72  0.00
21.73  0.00
21.75  0.00
21.77  0.00
21.78  0.00
21.80  0.00
21.82  0.00
21.83  0.00
21.85  0.00
21.87  0.00
21.88  0.00
21.90  0.00
21.92  0.00
21.93  0.00
21.95  0.00
21.97  0.00
21.98  0.00
22.00  0.00
22.02  0.00
22.03  0.00
22.05  0.00
22.07  0.00
22.08  0.00
22.10  0.00
22.12  0.00
22.13  0.00
22.15  0.00
22.17  0.00
22.18  0.00
22.20  0.00
22.22  0.00
22.23  0.00
22.25  0.00
22.27  0.00
22.28  0.00
22.30  0.00
22.32  0.00
22.33  0.00
22.35  0.00
22.37  0.00
22.38  0.00
22.40  0.00
22.42  0.00
22.43  0.00
22.45  0.00
22.47  0.00
22.48  0.00
22.50  0.00
22.52  0.00
22.53  0.00
22.55  0.00
22.57  0.00
22.58  0.00
22.60  0.00
22.62  0.00
22.63  0.00
22.65  0.00
22.67  0.00
22.68  0.00
22.70  0.00
22.72  0.00
22.73  0.00
22.75  0.00
22.77  0.00
22.78  0.00
22.80  0.00
22.82  0.00
22.83  0.00
22.85  0.00
22.87  0.00
22.88  0.00
22.90  0.00
22.92  0.00
22.93  0.00
22.95  0.00
22.97  0.00
22.98  0.00
23.00  0.00
23.02  0.00
23.03  0.00
23.05  0.00
23.07  0.00
23.08  0.00
23.10  0.00
23.12  0.00
23.13  0.00
23.15  0.00
23.17  0.00
23.18  0.00
23.20  0.00
23.22  0.00
23.23  0.00
23.25  0.00
23.27  0.00
23.28  0.00
23.30  0.00
23.32  0.00
23.33  0.00
23.35  0.00
23.37  0.00
23.38  0.00
23.40  0.00
23.42  0.00
23.43  0.00
23.45  0.00
23.47  0.00
23.48  0.00
23.50  0.00
23.52  0.00
23.53  0.00
23.55  0.00
23.57  0.00
23.58  0.00
23.60  0.00
23.62  0.00
23.63  0.00
23.65  0.00
23.67  0.00
23.68  0.00
23.70  0.00
23.72  0.00
23.73  0.00
23.75  0.00
23.77  0.00
23.78  0.00
23.80  0.00
23.82  0.00
23.83  0.00
23.85  0.00
23.87  0.00
23.88  0.00
23.90  0.00
23.92  0.00
23.93  0.00
23.95  0.00
23.97  0.00
23.98  0.00

