genericdec
-3.60   40.15
10   6   2015
0.00  0.00
0.02  0.00
0.03  0.00
0.05  0.00
0.07  0.00
0.08  0.00
0.10  0.00
0.12  0.00
0.13  0.00
0.15  0.00
0.17  0.00
0.18  0.00
0.20  0.00
0.22  0.00
0.23  0.00
0.25  0.00
0.27  0.00
0.28  0.00
0.30  0.00
0.32  0.00
0.33  0.00
0.35  0.00
0.37  0.00
0.38  0.00
0.40  0.00
0.42  0.00
0.43  0.00
0.45  0.00
0.47  0.00
0.48  0.00
0.50  0.00
0.52  0.00
0.53  0.00
0.55  0.00
0.57  0.00
0.58  0.00
0.60  0.00
0.62  0.00
0.63  0.00
0.65  0.00
0.67  0.00
0.68  0.00
0.70  0.00
0.72  0.00
0.73  0.00
0.75  0.00
0.77  0.00
0.78  0.00
0.80  0.00
0.82  0.00
0.83  0.00
0.85  0.00
0.87  0.00
0.88  0.00
0.90  0.00
0.92  0.00
0.93  0.00
0.95  0.00
0.97  0.00
0.98  0.00
1.00  0.00
1.02  0.00
1.03  0.00
1.05  0.00
1.07  0.00
1.08  0.00
1.10  0.00
1.12  0.00
1.13  0.00
1.15  0.00
1.15  0.00
1.17  0.00
1.18  0.00
1.20  0.00
1.22  0.00
1.23  0.00
1.25  0.00
1.27  0.00
1.28  0.00
1.30  0.00
1.32  0.00
1.33  0.00
1.35  0.00
1.37  0.00
1.38  0.00
1.40  0.00
1.42  0.00
1.43  0.00
1.45  0.00
1.47  0.00
1.48  0.00
1.50  0.00
1.52  0.00
1.53  0.00
1.55  0.00
1.57  0.00
1.58  0.00
1.60  0.00
1.62  0.00
1.63  0.00
1.65  0.00
1.67  0.00
1.68  0.00
1.70  0.00
1.72  0.00
1.73  0.00
1.75  0.00
1.77  0.00
1.78  0.00
1.80  0.00
1.82  0.00
1.83  0.00
1.85  0.00
1.87  0.00
1.88  0.00
1.90  0.00
1.92  0.00
1.93  0.00
1.95  0.00
1.97  0.00
1.98  0.00
2.00  0.00
2.02  0.00
2.03  0.00
2.05  0.00
2.07  0.00
2.08  0.00
2.10  0.00
2.12  0.00
2.13  0.00
2.15  0.00
2.17  0.00
2.18  0.00
2.20  0.00
2.22  0.00
2.23  0.00
2.25  0.00
2.27  0.00
2.28  0.00
2.30  0.00
2.32  0.00
2.33  0.00
2.35  0.00
2.37  0.00
2.38  0.00
2.40  0.00
2.42  0.00
2.43  0.00
2.45  0.00
2.47  0.00
2.48  0.00
2.50  0.00
2.52  0.00
2.53  0.00
2.55  0.00
2.57  0.00
2.58  0.00
2.60  0.00
2.62  0.00
2.63  0.00
2.65  0.00
2.67  0.00
2.68  0.00
2.70  0.00
2.72  0.00
2.73  0.00
2.75  0.00
2.77  0.00
2.78  0.00
2.80  0.00
2.82  0.00
2.83  0.00
2.85  0.00
2.87  0.00
2.88  0.00
2.90  0.00
2.92  0.00
2.93  0.00
2.95  0.00
2.97  0.00
2.98  0.00
3.00  0.00
3.02  0.00
3.03  0.00
3.05  0.00
3.07  0.00
3.08  0.00
3.10  0.00
3.12  0.00
3.13  0.00
3.15  0.00
3.17  0.01
3.18  0.01
3.20  0.02
3.22  0.02
3.23  0.02
3.25  0.02
3.27  0.03
3.28  0.03
3.30  0.04
3.32  0.05
3.33  0.06
3.35  0.07
3.37  0.08
3.38  0.09
3.40  0.10
3.42  0.11
3.43  0.12
3.45  0.13
3.47  0.14
3.48  0.14
3.50  0.15
3.52  0.17
3.53  0.19
3.55  0.21
3.57  0.22
3.58  0.23
3.60  0.24
3.62  0.26
3.63  0.27
3.65  0.28
3.67  0.29
3.68  0.30
3.70  0.31
3.72  0.32
3.73  0.34
3.75  0.35
3.77  0.37
3.78  0.39
3.80  0.42
3.82  0.46
3.83  0.49
3.85  0.53
3.87  0.58
3.88  0.63
3.90  0.66
3.92  0.70
3.93  0.77
3.95  0.83
3.97  0.88
3.98  0.91
4.00  0.93
4.02  0.97
4.03  1.02
4.05  1.04
4.07  1.04
4.08  1.04
4.10  1.05
4.12  1.10
4.13  1.16
4.15  1.18
4.17  1.19
4.18  1.18
4.20  1.17
4.22  1.14
4.23  1.16
4.25  1.20
4.27  1.22
4.28  1.17
4.30  1.18
4.32  1.22
4.33  1.30
4.35  1.29
4.37  1.28
4.38  1.28
4.40  1.22
4.42  1.22
4.43  1.18
4.45  1.13
4.47  1.16
4.48  1.20
4.50  1.28
4.52  1.44
4.53  1.65
4.55  1.76
4.57  1.86
4.58  1.91
4.60  1.94
4.62  1.96
4.63  1.72
4.65  1.58
4.67  1.32
4.68  0.98
4.70  0.75
4.72  0.71
4.73  0.74
4.75  0.76
4.77  0.83
4.78  0.91
4.80  0.97
4.82  1.04
4.83  1.08
4.85  1.17
4.87  1.19
4.88  1.11
4.90  1.13
4.92  1.27
4.93  1.43
4.95  1.58
4.97  1.65
4.98  1.73
5.00  1.83
5.02  1.94
5.03  2.09
5.05  2.08
5.07  2.27
5.08  2.37
5.10  2.45
5.12  2.50
5.13  2.53
5.15  2.52
5.17  2.51
5.18  2.47
5.20  2.42
5.22  2.37
5.23  2.31
5.25  2.27
5.27  2.25
5.28  2.24
5.30  2.24
5.32  2.24
5.33  2.23
5.35  2.23
5.37  2.23
5.38  2.24
5.40  2.26
5.42  2.27
5.43  2.28
5.45  2.29
5.47  2.29
5.48  2.29
5.50  2.30
5.52  2.32
5.53  2.33
5.55  2.35
5.57  2.35
5.58  2.33
5.60  2.33
5.62  2.33
5.63  2.30
5.65  2.37
5.67  2.39
5.68  2.39
5.70  2.39
5.72  2.41
5.73  2.42
5.75  2.44
5.77  2.47
5.78  2.46
5.80  2.46
5.82  2.42
5.83  2.37
5.85  2.35
5.87  2.16
5.88  2.13
5.90  2.05
5.92  2.05
5.93  2.19
5.95  2.49
5.97  2.60
5.98  2.65
6.00  2.59
6.02  2.51
6.03  2.22
6.05  2.16
6.07  1.91
6.08  1.87
6.10  1.92
6.12  2.25
6.13  2.27
6.15  2.28
6.17  2.13
6.18  2.10
6.20  2.17
6.22  2.32
6.23  2.40
6.25  2.41
6.27  2.42
6.28  2.45
6.30  2.24
6.32  2.08
6.33  2.06
6.35  2.21
6.37  2.24
6.38  2.32
6.40  2.33
6.42  2.40
6.43  2.24
6.45  2.60
6.47  2.64
6.48  2.41
6.50  2.38
6.52  2.34
6.53  2.24
6.55  2.10
6.57  2.20
6.58  2.38
6.60  2.50
6.62  2.65
6.63  2.67
6.65  2.67
6.67  2.65
6.68  2.61
6.70  2.62
6.72  2.76
6.73  2.79
6.75  2.80
6.77  2.84
6.78  2.83
6.80  2.80
6.82  2.76
6.83  2.84
6.85  2.86
6.87  2.82
6.88  2.81
6.90  2.83
6.92  2.86
6.93  2.84
6.95  2.83
6.97  2.86
6.98  2.91
7.00  2.77
7.02  2.56
7.03  2.38
7.05  2.47
7.07  2.71
7.08  2.79
7.10  2.78
7.12  2.81
7.13  2.65
7.15  2.37
7.17  2.42
7.18  2.66
7.20  2.83
7.22  2.92
7.23  2.90
7.25  2.72
7.27  2.64
7.28  2.35
7.30  2.02
7.32  1.87
7.33  1.79
7.35  1.76
7.37  1.76
7.38  1.79
7.40  1.75
7.42  1.70
7.43  1.64
7.45  1.48
7.47  1.33
7.48  1.25
7.50  1.19
7.52  1.09
7.53  0.99
7.55  0.89
7.57  0.80
7.58  0.77
7.60  0.78
7.62  0.85
7.63  1.03
7.65  1.26
7.67  1.34
7.68  1.34
7.70  1.32
7.72  1.18
7.73  0.99
7.75  0.86
7.77  0.78
7.78  0.75
7.80  0.78
7.82  0.78
7.83  0.72
7.85  0.56
7.87  0.37
7.88  0.27
7.90  0.24
7.92  0.23
7.93  0.23
7.95  0.23
7.97  0.24
7.98  0.27
8.00  0.32
8.02  0.39
8.03  0.38
8.05  0.28
8.07  0.20
8.08  0.15
8.10  0.15
8.12  0.16
8.13  0.18
8.15  0.20
8.17  0.22
8.18  0.23
8.20  0.25
8.22  0.27
8.23  0.27
8.25  0.27
8.27  0.26
8.28  0.26
8.30  0.29
8.32  0.31
8.33  0.33
8.35  0.34
8.37  0.33
8.38  0.32
8.40  0.35
8.42  0.37
8.43  0.39
8.45  0.40
8.47  0.41
8.48  0.42
8.50  0.43
8.52  0.44
8.53  0.45
8.55  0.45
8.57  0.47
8.58  0.47
8.60  0.47
8.62  0.47
8.63  0.48
8.65  0.49
8.67  0.50
8.68  0.51
8.70  0.53
8.72  0.55
8.73  0.57
8.75  0.58
8.77  0.58
8.78  0.59
8.80  0.61
8.82  0.65
8.83  0.68
8.85  0.68
8.87  0.70
8.88  0.73
8.90  0.76
8.92  0.78
8.93  0.81
8.95  0.81
8.97  0.82
8.98  0.81
9.00  0.83
9.02  0.91
9.03  0.98
9.05  1.01
9.07  0.99
9.08  0.93
9.10  0.86
9.12  0.87
9.13  0.92
9.15  0.98
9.17  1.00
9.18  1.07
9.20  1.11
9.22  1.12
9.23  1.11
9.25  1.11
9.27  1.10
9.28  1.08
9.30  1.05
9.32  1.05
9.33  1.03
9.35  0.99
9.37  0.95
9.38  0.92
9.40  0.91
9.42  0.91
9.43  0.95
9.45  0.98
9.47  1.02
9.48  1.04
9.50  1.06
9.52  1.08
9.53  1.13
9.55  1.22
9.57  1.32
9.58  1.44
9.60  1.53
9.62  1.59
9.63  1.67
9.65  1.76
9.67  1.85
9.68  1.92
9.70  1.98
9.72  2.01
9.73  2.05
9.75  2.09
9.77  2.16
9.78  2.21
9.80  2.26
9.82  2.30
9.83  2.34
9.85  2.36
9.87  2.36
9.88  2.35
9.90  2.33
9.92  2.32
9.93  2.32
9.95  2.31
9.97  2.32
9.98  2.32
10.00  2.32
10.02  2.32
10.03  2.32
10.05  2.32
10.07  2.32
10.08  2.33
10.10  2.31
10.12  2.29
10.13  2.27
10.15  2.25
10.17  2.23
10.18  2.21
10.20  2.20
10.22  2.18
10.23  2.17
10.25  2.16
10.27  2.13
10.28  2.10
10.30  2.06
10.32  2.02
10.33  1.98
10.35  1.97
10.37  1.98
10.38  2.02
10.40  2.00
10.42  1.99
10.43  1.99
10.45  1.97
10.47  1.93
10.48  1.88
10.50  1.83
10.52  1.81
10.53  1.79
10.55  1.79
10.57  1.77
10.58  1.75
10.60  1.73
10.62  1.71
10.63  1.69
10.65  1.68
10.67  1.66
10.68  1.64
10.70  1.63
10.72  1.62
10.73  1.62
10.75  1.61
10.77  1.62
10.78  1.70
10.80  1.74
10.82  1.71
10.83  1.68
10.85  1.66
10.87  1.67
10.88  1.72
10.90  1.76
10.92  1.78
10.93  1.74
10.95  1.71
10.97  1.74
10.98  1.97
11.00  2.10
11.02  2.15
11.03  2.17
11.05  2.10
11.07  2.02
11.08  2.01
11.10  2.02
11.12  2.00
11.13  1.94
11.15  1.89
11.17  1.83
11.18  1.75
11.20  1.65
11.22  1.51
11.23  1.41
11.25  1.36
11.27  1.38
11.28  1.49
11.30  1.55
11.32  1.57
11.33  1.58
11.35  1.70
11.37  1.75
11.38  1.79
11.40  1.80
11.42  1.93
11.43  2.00
11.45  1.98
11.47  1.92
11.48  1.90
11.50  1.87
11.52  1.94
11.53  1.93
11.55  1.95
11.57  1.91
11.58  1.93
11.60  1.96
11.62  1.96
11.63  1.95
11.65  1.92
11.67  1.90
11.68  1.86
11.70  1.77
11.72  1.67
11.73  1.60
11.75  1.60
11.77  1.58
11.78  1.54
11.80  1.51
11.82  1.36
11.83  1.30
11.85  1.23
11.87  1.20
11.88  1.44
11.90  1.50
11.92  1.46
11.93  1.39
11.95  1.35
11.97  1.34
11.98  1.33
12.00  1.32
12.02  1.31
12.03  1.30
12.05  1.30
12.07  1.30
12.08  1.30
12.10  1.30
12.12  1.29
12.13  1.29
12.15  1.29
12.17  1.29
12.18  1.30
12.20  1.30
12.22  1.31
12.23  1.32
12.25  1.35
12.27  1.42
12.28  1.52
12.30  1.64
12.32  1.70
12.33  1.77
12.35  1.77
12.37  1.76
12.38  1.74
12.40  1.70
12.42  1.56
12.43  1.48
12.45  1.33
12.47  1.28
12.48  1.41
12.50  1.29
12.52  1.32
12.53  1.29
12.55  1.32
12.57  1.28
12.58  1.27
12.60  1.23
12.62  1.22
12.63  1.27
12.65  1.44
12.67  1.62
12.68  1.62
12.70  1.62
12.72  1.62
12.73  1.60
12.75  1.53
12.77  1.27
12.78  1.22
12.80  1.28
12.82  1.22
12.83  1.39
12.85  1.43
12.87  1.40
12.88  1.44
12.90  1.62
12.92  1.69
12.93  1.66
12.95  1.52
12.97  1.49
12.98  1.52
13.00  1.46
13.02  1.48
13.03  1.38
13.05  1.36
13.07  1.36
13.08  1.38
13.10  1.38
13.12  1.39
13.13  1.39
13.15  1.40
13.17  1.42
13.18  1.45
13.20  1.47
13.22  1.49
13.23  1.49
13.25  1.51
13.27  1.51
13.28  1.53
13.30  1.53
13.32  1.52
13.33  1.51
13.35  1.53
13.37  1.54
13.38  1.54
13.40  1.53
13.42  1.53
13.43  1.53
13.45  1.52
13.47  1.52
13.48  1.53
13.50  1.52
13.52  1.52
13.53  1.52
13.55  1.52
13.57  1.52
13.58  1.53
13.60  1.53
13.62  1.55
13.63  1.56
13.65  1.57
13.67  1.58
13.68  1.58
13.70  1.57
13.72  1.56
13.73  1.55
13.75  1.54
13.77  1.53
13.78  1.52
13.80  1.51
13.82  1.51
13.83  1.51
13.85  1.51
13.87  1.51
13.88  1.52
13.90  1.53
13.92  1.53
13.93  1.53
13.95  1.53
13.97  1.54
13.98  1.54
14.00  1.54
14.02  1.54
14.03  1.54
14.05  1.54
14.07  1.53
14.08  1.51
14.10  1.49
14.12  1.46
14.13  1.44
14.15  1.41
14.17  1.38
14.18  1.38
14.20  1.41
14.22  1.38
14.23  1.32
14.25  1.26
14.27  1.23
14.28  1.21
14.30  1.25
14.32  1.26
14.33  1.25
14.35  1.26
14.37  1.25
14.38  1.24
14.40  1.21
14.42  1.19
14.43  1.18
14.45  1.16
14.47  1.17
14.48  1.18
14.50  1.18
14.52  1.13
14.53  1.12
14.55  1.11
14.57  1.10
14.58  1.07
14.60  1.07
14.62  1.06
14.63  1.07
14.65  1.06
14.67  1.04
14.68  1.00
14.70  0.97
14.72  0.98
14.73  1.03
14.75  1.02
14.77  1.03
14.78  1.05
14.80  1.06
14.82  1.06
14.83  1.06
14.85  1.06
14.87  1.06
14.88  1.06
14.90  1.07
14.92  1.07
14.93  1.05
14.95  1.04
14.97  1.04
14.98  1.04
15.00  1.04
15.02  1.03
15.03  1.03
15.05  1.03
15.07  1.02
15.08  1.01
15.10  1.00
15.12  1.00
15.13  1.00
15.15  1.00
15.17  0.99
15.18  0.99
15.20  0.99
15.22  0.99
15.22  0.98
15.23  0.99
15.25  0.99
15.27  0.98
15.28  0.99
15.30  0.99
15.32  1.00
15.33  0.99
15.35  0.98
15.37  0.98
15.38  0.97
15.40  0.98
15.42  0.97
15.43  0.96
15.45  0.97
15.47  0.98
15.48  0.98
15.50  0.98
15.52  0.91
15.53  0.97
15.55  0.95
15.57  0.97
15.58  0.97
15.60  0.97
15.62  0.96
15.63  0.95
15.65  0.94
15.67  0.94
15.68  0.95
15.70  0.96
15.72  0.98
15.73  0.97
15.75  0.96
15.77  0.95
15.78  0.93
15.80  0.91
15.82  0.93
15.83  0.92
15.85  0.94
15.87  0.96
15.88  0.98
15.90  0.98
15.92  0.97
15.93  0.95
15.95  0.94
15.97  0.93
15.98  0.94
16.00  0.94
16.02  0.91
16.03  0.86
16.05  0.82
16.07  0.83
16.08  0.81
16.10  0.79
16.12  0.81
16.13  0.87
16.15  0.93
16.17  0.94
16.18  0.96
16.20  1.03
16.22  1.08
16.23  1.12
16.25  1.13
16.27  1.12
16.28  1.09
16.30  1.08
16.32  1.08
16.33  1.07
16.35  1.06
16.37  1.04
16.38  1.02
16.40  1.00
16.42  0.93
16.43  0.84
16.45  0.79
16.47  0.76
16.48  0.77
16.50  0.78
16.52  0.80
16.53  0.83
16.55  0.87
16.57  0.90
16.58  0.90
16.60  0.89
16.62  0.87
16.63  0.86
16.65  0.84
16.67  0.82
16.68  0.80
16.70  0.78
16.72  0.76
16.73  0.75
16.75  0.74
16.77  0.73
16.78  0.72
16.80  0.70
16.82  0.67
16.83  0.61
16.85  0.56
16.87  0.55
16.88  0.55
16.90  0.56
16.92  0.58
16.93  0.59
16.95  0.55
16.97  0.47
16.98  0.40
17.00  0.36
17.02  0.31
17.03  0.26
17.05  0.22
17.07  0.20
17.08  0.19
17.10  0.39
17.12  0.40
17.13  0.42
17.15  0.44
17.17  0.46
17.18  0.46
17.20  0.45
17.22  0.42
17.23  0.39
17.25  0.36
17.27  0.33
17.28  0.30
17.30  0.28
17.32  0.26
17.33  0.24
17.35  0.23
17.37  0.22
17.38  0.23
17.40  0.24
17.42  0.26
17.43  0.28
17.45  0.29
17.47  0.32
17.48  0.35
17.50  0.39
17.52  0.42
17.53  0.45
17.55  0.46
17.57  0.47
17.58  0.49
17.60  0.51
17.62  0.53
17.63  0.56
17.65  0.59
17.67  0.62
17.68  0.64
17.70  0.66
17.72  0.70
17.73  0.74
17.75  0.78
17.77  0.80
17.78  0.79
17.80  0.78
17.82  0.77
17.83  0.75
17.85  0.73
17.87  0.71
17.88  0.71
17.90  0.71
17.92  0.70
17.93  0.71
17.95  0.71
17.97  0.71
17.98  0.70
18.00  0.70
18.02  0.69
18.03  0.69
18.05  0.67
18.07  0.63
18.08  0.59
18.10  0.56
18.12  0.52
18.13  0.46
18.15  0.41
18.17  0.35
18.18  0.31
18.20  0.28
18.22  0.25
18.23  0.24
18.25  0.23
18.27  0.21
18.28  0.19
18.30  0.17
18.32  0.16
18.33  0.16
18.35  0.14
18.37  0.13
18.38  0.13
18.40  0.13
18.42  0.12
18.43  0.11
18.45  0.10
18.47  0.08
18.48  0.07
18.50  0.07
18.52  0.06
18.53  0.06
18.55  0.06
18.57  0.06
18.58  0.05
18.60  0.04
18.62  0.04
18.63  0.03
18.65  0.03
18.67  0.02
18.68  0.02
18.70  0.01
18.72  0.01
18.73  0.00
18.75  0.00
18.77  0.00
18.78  0.00
18.80  0.00
18.82  0.00
18.83  0.00
18.85  0.00
18.87  0.00
18.88  0.00
18.90  0.00
18.92  0.00
18.93  0.00
18.95  0.00
18.97  0.00
18.98  0.00
19.00  0.00
19.02  0.00
19.03  0.00
19.05  0.00
19.07  0.00
19.08  0.00
19.10  0.00
19.12  0.00
19.13  0.00
19.15  0.00
19.17  0.00
19.18  0.00
19.20  0.00
19.22  0.00
19.23  0.00
19.25  0.00
19.27  0.00
19.28  0.00
19.30  0.00
19.32  0.00
19.33  0.00
19.35  0.00
19.37  0.00
19.38  0.00
19.40  0.00
19.42  0.00
19.43  0.00
19.45  0.00
19.47  0.00
19.48  0.00
19.50  0.00
19.52  0.00
19.53  0.00
19.55  0.00
19.57  0.00
19.58  0.00
19.60  0.00
19.62  0.00
19.63  0.00
19.65  0.00
19.67  0.00
19.68  0.00
19.70  0.00
19.72  0.00
19.73  0.00
19.75  0.00
19.77  0.00
19.78  0.00
19.80  0.00
19.82  0.00
19.83  0.00
19.85  0.00
19.87  0.00
19.88  0.00
19.90  0.00
19.92  0.00
19.93  0.00
19.95  0.00
19.97  0.00
19.98  0.00
20.00  0.00
20.02  0.00
20.03  0.00
20.05  0.00
20.07  0.00
20.08  0.00
20.10  0.00
20.12  0.00
20.13  0.00
20.15  0.00
20.17  0.00
20.18  0.00
20.20  0.00
20.22  0.00
20.23  0.00
20.25  0.00
20.27  0.00
20.28  0.00
20.30  0.00
20.32  0.00
20.33  0.00
20.35  0.00
20.37  0.00
20.38  0.00
20.40  0.00
20.42  0.00
20.43  0.00
20.45  0.00
20.47  0.00
20.48  0.00
20.50  0.00
20.52  0.00
20.53  0.00
20.55  0.00
20.57  0.00
20.58  0.00
20.60  0.00
20.62  0.00
20.63  0.00
20.65  0.00
20.67  0.00
20.68  0.00
20.70  0.00
20.72  0.00
20.73  0.00
20.75  0.00
20.77  0.00
20.78  0.00
20.80  0.00
20.82  0.00
20.83  0.00
20.85  0.00
20.87  0.00
20.88  0.00
20.90  0.00
20.92  0.00
20.93  0.00
20.95  0.00
20.97  0.00
20.98  0.00
21.00  0.00
21.02  0.00
21.03  0.00
21.05  0.00
21.07  0.00
21.08  0.00
21.10  0.00
21.12  0.00
21.13  0.00
21.15  0.00
21.17  0.00
21.18  0.00
21.20  0.00
21.22  0.00
21.23  0.00
21.25  0.00
21.27  0.00
21.28  0.00
21.30  0.00
21.32  0.00
21.33  0.00
21.35  0.00
21.37  0.00
21.38  0.00
21.40  0.00
21.42  0.00
21.43  0.00
21.45  0.00
21.47  0.00
21.48  0.00
21.50  0.00
21.52  0.00
21.53  0.00
21.55  0.00
21.57  0.00
21.58  0.00
21.60  0.00
21.62  0.00
21.63  0.00
21.65  0.00
21.67  0.00
21.68  0.00
21.70  0.00
21.72  0.00
21.73  0.00
21.75  0.00
21.77  0.00
21.78  0.00
21.80  0.00
21.82  0.00
21.83  0.00
21.85  0.00
21.87  0.00
21.88  0.00
21.90  0.00
21.92  0.00
21.93  0.00
21.95  0.00
21.97  0.00
21.98  0.00
22.00  0.00
22.02  0.00
22.03  0.00
22.05  0.00
22.07  0.00
22.08  0.00
22.10  0.00
22.12  0.00
22.13  0.00
22.15  0.00
22.17  0.00
22.18  0.00
22.20  0.00
22.22  0.00
22.23  0.00
22.25  0.00
22.27  0.00
22.28  0.00
22.30  0.00
22.32  0.00
22.33  0.00
22.35  0.00
22.37  0.00
22.38  0.00
22.40  0.00
22.42  0.00
22.43  0.00
22.45  0.00
22.47  0.00
22.48  0.00
22.50  0.00
22.52  0.00
22.53  0.00
22.55  0.00
22.57  0.00
22.58  0.00
22.60  0.00
22.62  0.00
22.63  0.00
22.65  0.00
22.67  0.00
22.68  0.00
22.70  0.00
22.72  0.00
22.73  0.00
22.75  0.00
22.77  0.00
22.78  0.00
22.80  0.00
22.82  0.00
22.83  0.00
22.85  0.00
22.87  0.00
22.88  0.00
22.90  0.00
22.92  0.00
22.93  0.00
22.95  0.00
22.97  0.00
22.98  0.00
23.00  0.00
23.02  0.00
23.03  0.00
23.05  0.00
23.07  0.00
23.08  0.00
23.10  0.00
23.12  0.00
23.13  0.00
23.15  0.00
23.17  0.00
23.18  0.00
23.20  0.00
23.22  0.00
23.23  0.00
23.25  0.00
23.27  0.00
23.28  0.00
23.30  0.00
23.32  0.00
23.33  0.00
23.35  0.00
23.37  0.00
23.38  0.00
23.40  0.00
23.42  0.00
23.43  0.00
23.45  0.00
23.47  0.00
23.48  0.00
23.50  0.00
23.52  0.00
23.53  0.00
23.55  0.00
23.57  0.00
23.58  0.00
23.60  0.00
23.62  0.00
23.63  0.00
23.65  0.00
23.67  0.00
23.68  0.00
23.70  0.00
23.72  0.00
23.73  0.00
23.75  0.00
23.77  0.00
23.78  0.00
23.80  0.00
23.82  0.00
23.83  0.00
23.85  0.00
23.87  0.00
23.88  0.00
23.90  0.00
23.92  0.00
23.93  0.00
23.95  0.00
23.97  0.00
23.98  0.00

