genericdec
-3.60   40.15
10   9   2015
0.00  0.00
0.02  0.00
0.03  0.00
0.05  0.00
0.07  0.00
0.08  0.00
0.10  0.00
0.12  0.00
0.13  0.00
0.15  0.00
0.17  0.00
0.18  0.00
0.20  0.00
0.22  0.00
0.23  0.00
0.25  0.00
0.27  0.00
0.28  0.00
0.30  0.00
0.32  0.00
0.33  0.00
0.35  0.00
0.37  0.00
0.38  0.00
0.40  0.00
0.42  0.00
0.43  0.00
0.45  0.00
0.47  0.00
0.48  0.00
0.50  0.00
0.52  0.00
0.53  0.00
0.55  0.00
0.57  0.00
0.58  0.00
0.60  0.00
0.62  0.00
0.63  0.00
0.65  0.00
0.67  0.00
0.68  0.00
0.70  0.00
0.72  0.00
0.73  0.00
0.75  0.00
0.77  0.00
0.78  0.00
0.80  0.00
0.82  0.00
0.83  0.00
0.85  0.00
0.87  0.00
0.88  0.00
0.90  0.00
0.92  0.00
0.93  0.00
0.95  0.00
0.97  0.00
0.98  0.00
1.00  0.00
1.02  0.00
1.03  0.00
1.05  0.00
1.07  0.00
1.08  0.00
1.10  0.00
1.12  0.00
1.13  0.00
1.15  0.00
1.17  0.00
1.18  0.00
1.20  0.00
1.22  0.00
1.23  0.00
1.25  0.00
1.27  0.00
1.28  0.00
1.30  0.00
1.32  0.00
1.33  0.00
1.35  0.00
1.37  0.00
1.38  0.00
1.40  0.00
1.42  0.00
1.43  0.00
1.45  0.00
1.47  0.00
1.48  0.00
1.50  0.00
1.52  0.00
1.53  0.00
1.55  0.00
1.57  0.00
1.58  0.00
1.60  0.00
1.62  0.00
1.63  0.00
1.65  0.00
1.67  0.00
1.68  0.00
1.70  0.00
1.72  0.00
1.73  0.00
1.75  0.00
1.77  0.00
1.78  0.00
1.80  0.00
1.82  0.00
1.83  0.00
1.85  0.00
1.87  0.00
1.88  0.00
1.90  0.00
1.92  0.00
1.93  0.00
1.95  0.00
1.97  0.00
1.98  0.00
2.00  0.00
2.02  0.00
2.03  0.00
2.05  0.00
2.07  0.00
2.08  0.00
2.10  0.00
2.12  0.00
2.13  0.00
2.15  0.00
2.17  0.00
2.18  0.00
2.20  0.00
2.22  0.00
2.23  0.00
2.25  0.00
2.27  0.00
2.28  0.00
2.30  0.00
2.32  0.00
2.33  0.00
2.35  0.00
2.37  0.00
2.38  0.00
2.40  0.00
2.42  0.00
2.43  0.00
2.45  0.00
2.47  0.00
2.48  0.00
2.50  0.00
2.52  0.00
2.53  0.00
2.55  0.00
2.57  0.00
2.58  0.00
2.60  0.00
2.62  0.00
2.63  0.00
2.65  0.00
2.67  0.00
2.68  0.00
2.70  0.00
2.72  0.00
2.73  0.00
2.75  0.00
2.77  0.00
2.78  0.00
2.80  0.00
2.82  0.00
2.83  0.00
2.85  0.00
2.87  0.00
2.88  0.00
2.90  0.00
2.92  0.00
2.93  0.00
2.95  0.00
2.97  0.00
2.98  0.00
3.00  0.00
3.02  0.00
3.03  0.00
3.05  0.00
3.07  0.00
3.08  0.00
3.10  0.00
3.12  0.00
3.13  0.00
3.15  0.00
3.17  0.00
3.18  0.00
3.20  0.00
3.22  0.00
3.23  0.00
3.25  0.00
3.27  0.00
3.28  0.00
3.30  0.00
3.32  0.00
3.33  0.00
3.35  0.00
3.37  0.00
3.38  0.00
3.40  0.00
3.42  0.00
3.43  0.00
3.45  0.00
3.47  0.00
3.48  0.00
3.50  0.00
3.52  0.00
3.53  0.00
3.55  0.00
3.57  0.00
3.58  0.00
3.60  0.00
3.62  0.00
3.63  0.00
3.63  0.00
3.65  0.00
3.67  0.00
3.68  0.00
3.70  0.00
3.72  0.00
3.73  0.00
3.75  0.00
3.77  0.00
3.78  0.00
3.80  0.00
3.82  0.00
3.83  0.00
3.85  0.00
3.87  0.00
3.88  0.00
3.90  0.00
3.92  0.00
3.93  0.00
3.95  0.00
3.97  0.00
3.98  0.00
4.00  0.00
4.02  0.00
4.03  0.00
4.05  0.00
4.07  0.00
4.08  0.00
4.10  0.00
4.12  0.00
4.13  0.00
4.15  0.00
4.17  0.00
4.18  0.00
4.20  0.00
4.22  0.00
4.23  0.00
4.25  0.00
4.27  0.00
4.28  0.00
4.30  0.00
4.32  0.00
4.33  0.00
4.35  0.00
4.37  0.00
4.38  0.00
4.40  0.00
4.42  0.00
4.43  0.00
4.45  0.00
4.47  0.00
4.48  0.00
4.50  0.00
4.52  0.00
4.53  0.00
4.55  0.00
4.57  0.00
4.58  0.00
4.60  0.00
4.62  0.00
4.63  0.00
4.65  0.00
4.67  0.00
4.68  0.00
4.70  0.00
4.72  0.00
4.73  0.00
4.75  0.00
4.77  0.00
4.78  0.00
4.80  0.00
4.82  0.00
4.83  0.00
4.85  0.00
4.87  0.00
4.88  0.00
4.90  0.00
4.92  0.00
4.93  0.00
4.95  0.00
4.97  0.00
4.98  0.00
5.00  0.00
5.02  0.00
5.03  0.00
5.05  0.00
5.07  0.00
5.08  0.00
5.10  0.00
5.12  0.00
5.13  0.00
5.15  0.00
5.17  0.00
5.18  0.00
5.20  0.00
5.22  0.00
5.23  0.00
5.25  0.00
5.27  0.00
5.28  0.01
5.30  0.01
5.32  0.02
5.33  0.03
5.35  0.04
5.37  0.05
5.38  0.06
5.40  0.07
5.42  0.10
5.43  0.12
5.45  0.15
5.47  0.18
5.48  0.21
5.50  0.25
5.52  0.29
5.53  0.33
5.55  0.37
5.57  0.42
5.58  0.47
5.60  0.52
5.62  0.59
5.63  0.65
5.65  0.72
5.67  0.79
5.68  0.87
5.70  0.95
5.72  1.01
5.73  1.07
5.75  1.12
5.77  1.17
5.78  1.21
5.80  1.27
5.82  1.32
5.83  1.37
5.85  1.42
5.87  1.46
5.88  1.50
5.90  1.53
5.92  1.56
5.93  1.59
5.95  1.61
5.97  1.64
5.98  1.68
6.00  1.72
6.02  1.77
6.03  1.83
6.05  2.04
6.07  2.25
6.08  2.51
6.10  2.57
6.12  2.61
6.13  2.81
6.15  2.78
6.17  3.14
6.18  3.34
6.20  3.39
6.22  3.41
6.23  3.44
6.25  3.46
6.27  3.47
6.28  3.42
6.30  3.08
6.32  2.66
6.33  2.99
6.35  3.35
6.37  3.56
6.38  3.61
6.40  3.64
6.42  3.60
6.43  3.67
6.45  3.70
6.47  3.71
6.48  3.73
6.50  3.74
6.52  3.75
6.53  3.76
6.55  3.78
6.57  3.79
6.58  3.43
6.60  3.14
6.62  3.20
6.63  3.36
6.65  3.79
6.67  3.79
6.68  3.20
6.70  3.44
6.72  3.85
6.73  3.30
6.75  3.18
6.77  3.35
6.78  3.28
6.80  3.64
6.82  3.34
6.83  3.24
6.85  3.23
6.87  3.28
6.88  3.40
6.90  3.39
6.92  3.81
6.93  3.60
6.95  3.75
6.97  3.97
6.98  3.72
7.00  3.57
7.02  3.96
7.03  3.96
7.05  3.84
7.07  3.91
7.08  3.84
7.10  3.53
7.12  3.71
7.13  3.47
7.15  3.86
7.17  3.95
7.18  3.96
7.20  3.91
7.22  3.75
7.23  3.58
7.25  3.30
7.27  3.58
7.28  3.72
7.30  3.82
7.32  3.87
7.33  4.03
7.35  4.04
7.37  4.04
7.38  3.97
7.40  3.90
7.42  4.05
7.43  4.03
7.45  4.07
7.47  4.06
7.48  4.04
7.50  4.05
7.52  4.01
7.53  4.00
7.55  4.04
7.57  4.06
7.58  4.07
7.60  4.08
7.62  4.09
7.63  4.05
7.65  3.98
7.67  3.82
7.68  3.95
7.70  3.95
7.72  4.05
7.73  3.93
7.75  3.80
7.77  3.89
7.78  3.61
7.80  3.76
7.82  3.95
7.83  4.11
7.85  4.07
7.87  3.68
7.88  3.91
7.90  4.00
7.92  4.10
7.93  4.08
7.95  4.09
7.97  4.09
7.98  4.09
8.00  4.06
8.02  4.05
8.03  4.08
8.05  4.09
8.07  4.08
8.08  4.08
8.10  4.06
8.12  4.06
8.13  4.07
8.15  4.08
8.17  4.08
8.18  4.10
8.20  4.10
8.22  4.10
8.23  4.10
8.25  4.10
8.27  4.10
8.28  4.07
8.30  4.06
8.32  4.11
8.33  4.11
8.35  4.10
8.37  4.10
8.38  4.10
8.40  4.08
8.42  4.08
8.43  4.09
8.45  4.10
8.47  4.09
8.48  4.09
8.50  4.09
8.52  4.09
8.53  4.10
8.55  4.10
8.57  4.10
8.58  4.10
8.60  4.11
8.62  4.12
8.63  4.12
8.65  4.12
8.67  4.12
8.68  4.12
8.70  4.12
8.72  4.12
8.73  4.12
8.75  4.13
8.77  4.13
8.78  4.13
8.80  4.13
8.82  4.13
8.83  4.13
8.85  4.13
8.87  4.14
8.88  4.14
8.90  4.15
8.92  4.15
8.93  4.15
8.95  4.15
8.97  4.15
8.98  4.15
9.00  4.15
9.02  4.15
9.03  4.14
9.05  4.13
9.07  4.12
9.08  4.12
9.10  4.11
9.12  4.12
9.13  4.12
9.15  4.10
9.17  4.12
9.18  4.16
9.20  4.16
9.22  4.16
9.23  4.16
9.25  4.16
9.27  4.11
9.28  4.09
9.30  4.08
9.32  4.12
9.33  4.14
9.35  4.14
9.37  4.14
9.38  4.14
9.40  4.13
9.42  4.11
9.43  4.13
9.45  4.12
9.47  4.11
9.48  4.11
9.50  4.12
9.52  4.13
9.53  4.13
9.55  4.02
9.57  3.90
9.58  4.14
9.60  4.13
9.62  4.12
9.63  4.15
9.65  4.05
9.67  3.79
9.68  3.98
9.70  4.15
9.72  4.09
9.73  3.75
9.75  3.94
9.77  4.12
9.78  4.03
9.80  4.06
9.82  4.09
9.83  4.08
9.85  4.07
9.87  4.06
9.88  4.06
9.90  4.06
9.92  4.07
9.93  4.01
9.95  4.05
9.97  4.03
9.98  4.01
10.00  4.01
10.02  4.00
10.03  3.98
10.05  3.96
10.07  3.98
10.08  3.97
10.10  3.97
10.12  3.97
10.13  3.96
10.15  3.95
10.17  3.96
10.18  3.95
10.20  3.94
10.22  3.92
10.23  3.93
10.25  3.94
10.27  3.96
10.28  3.65
10.30  3.60
10.32  3.59
10.33  3.63
10.35  3.77
10.37  3.84
10.38  3.82
10.40  3.82
10.42  3.87
10.43  3.83
10.45  3.73
10.47  3.72
10.48  4.04
10.50  4.03
10.52  4.03
10.53  4.01
10.55  4.00
10.57  4.00
10.58  3.99
10.60  3.98
10.62  3.97
10.63  3.96
10.65  3.96
10.67  3.96
10.68  3.98
10.70  4.00
10.72  4.00
10.73  4.00
10.75  4.00
10.77  4.01
10.78  4.02
10.80  4.02
10.82  4.03
10.83  4.03
10.85  4.04
10.87  4.05
10.88  4.07
10.90  4.07
10.92  4.09
10.93  4.08
10.95  4.09
10.97  4.10
10.98  4.11
11.00  4.12
11.02  4.14
11.03  4.14
11.05  4.16
11.07  4.17
11.08  4.17
11.10  4.17
11.12  4.17
11.13  4.17
11.15  4.17
11.17  4.17
11.18  4.17
11.20  4.16
11.22  4.17
11.23  4.17
11.25  4.15
11.27  4.02
11.28  3.25
11.30  3.28
11.32  3.36
11.33  3.34
11.35  3.37
11.37  3.50
11.38  3.41
11.40  3.31
11.42  3.42
11.43  3.35
11.45  3.41
11.47  3.47
11.48  3.44
11.50  3.38
11.52  3.40
11.53  3.47
11.55  3.43
11.57  3.43
11.58  3.37
11.60  3.37
11.62  3.47
11.63  3.41
11.65  3.34
11.67  3.36
11.68  3.30
11.70  3.25
11.72  3.38
11.73  3.43
11.75  3.46
11.77  3.48
11.78  3.50
11.80  3.53
11.82  3.52
11.83  3.51
11.85  3.51
11.87  3.48
11.88  3.42
11.90  3.39
11.92  3.42
11.93  3.42
11.95  3.39
11.97  3.37
11.98  3.33
12.00  3.32
12.02  3.33
12.03  3.30
12.05  3.30
12.07  3.33
12.08  3.32
12.10  3.41
12.12  3.45
12.13  3.47
12.15  3.52
12.17  3.50
12.18  3.45
12.20  3.45
12.22  3.45
12.23  3.40
12.25  3.38
12.27  3.36
12.28  3.31
12.30  3.29
12.32  3.27
12.33  3.25
12.35  3.23
12.37  3.22
12.38  3.23
12.40  3.23
12.42  3.22
12.43  3.24
12.45  3.26
12.47  3.24
12.48  3.27
12.50  3.31
12.52  3.30
12.53  3.25
12.55  3.21
12.57  3.20
12.58  3.24
12.60  3.29
12.62  3.33
12.63  3.41
12.65  3.41
12.67  3.41
12.68  3.34
12.70  3.21
12.72  3.20
12.73  3.28
12.75  3.33
12.77  3.38
12.78  3.32
12.80  3.24
12.82  3.17
12.83  3.15
12.85  3.14
12.87  3.18
12.88  3.31
12.90  3.39
12.92  3.42
12.93  3.41
12.95  3.36
12.97  3.32
12.98  3.36
13.00  3.35
13.02  3.35
13.03  3.33
13.05  3.31
13.07  3.34
13.08  3.37
13.10  3.36
13.12  3.31
13.13  3.26
13.15  3.24
13.17  3.23
13.18  3.21
13.20  3.17
13.22  3.13
13.23  3.19
13.25  3.25
13.27  3.23
13.28  3.23
13.30  3.27
13.32  3.33
13.33  3.33
13.35  3.30
13.37  3.22
13.38  3.20
13.40  3.24
13.42  3.25
13.43  3.28
13.45  3.25
13.47  3.23
13.48  3.21
13.50  3.21
13.52  3.20
13.53  3.20
13.55  3.21
13.57  3.21
13.58  3.21
13.60  3.18
13.62  3.17
13.63  3.16
13.65  3.17
13.67  3.17
13.68  3.16
13.70  3.16
13.72  3.15
13.73  3.15
13.75  3.15
13.77  3.15
13.78  3.15
13.80  3.16
13.82  3.16
13.83  3.16
13.85  3.16
13.87  3.15
13.88  3.14
13.90  3.13
13.92  3.13
13.93  3.14
13.95  3.16
13.97  3.15
13.98  3.12
14.00  3.07
14.02  3.06
14.03  3.02
14.05  2.99
14.07  3.01
14.08  3.03
14.10  3.02
14.12  2.99
14.13  2.95
14.15  2.93
14.17  2.92
14.18  2.92
14.20  2.93
14.22  2.93
14.23  2.94
14.25  2.96
14.27  2.99
14.28  3.00
14.30  3.01
14.32  3.02
14.33  3.07
14.35  3.13
14.37  3.12
14.38  3.12
14.40  3.08
14.42  3.05
14.43  3.02
14.45  3.00
14.47  2.98
14.48  2.97
14.50  2.96
14.52  2.95
14.53  2.93
14.55  2.92
14.57  2.92
14.58  2.92
14.60  2.92
14.62  2.92
14.63  2.93
14.65  2.93
14.67  2.93
14.68  2.94
14.70  2.95
14.72  2.96
14.73  2.98
14.75  2.99
14.77  2.98
14.78  2.99
14.80  3.04
14.82  3.06
14.83  3.07
14.85  3.08
14.87  3.08
14.88  3.08
14.90  3.07
14.92  3.06
14.93  3.05
14.95  3.03
14.97  3.01
14.98  3.00
15.00  2.98
15.02  2.96
15.03  2.94
15.05  2.93
15.07  2.91
15.08  2.90
15.10  2.87
15.12  2.86
15.13  2.85
15.15  2.85
15.17  2.84
15.18  2.84
15.20  2.85
15.22  2.85
15.23  2.84
15.25  2.85
15.27  2.84
15.28  2.85
15.30  2.84
15.32  2.83
15.33  2.82
15.35  2.80
15.37  2.79
15.38  2.78
15.40  2.77
15.42  2.76
15.43  2.75
15.45  2.74
15.47  2.73
15.48  2.71
15.50  2.71
15.52  2.71
15.53  2.70
15.55  2.70
15.57  2.69
15.58  2.69
15.60  2.69
15.62  2.68
15.63  2.67
15.65  2.67
15.67  2.67
15.68  2.66
15.70  2.66
15.72  2.65
15.73  2.64
15.75  2.64
15.77  2.63
15.78  2.62
15.80  2.62
15.82  2.61
15.83  2.60
15.85  2.59
15.87  2.58
15.88  2.57
15.90  2.56
15.92  2.55
15.93  2.54
15.95  2.54
15.97  2.53
15.98  2.52
16.00  2.52
16.02  2.51
16.03  2.50
16.05  2.50
16.07  2.49
16.08  2.49
16.10  2.48
16.12  2.48
16.13  2.48
16.15  2.47
16.17  2.47
16.18  2.47
16.20  2.46
16.22  2.46
16.23  2.46
16.25  2.45
16.27  2.46
16.28  2.47
16.30  2.55
16.32  2.72
16.33  2.81
16.35  2.76
16.37  2.59
16.38  2.43
16.40  2.42
16.42  2.41
16.43  2.41
16.45  2.40
16.47  2.39
16.48  2.39
16.50  2.39
16.52  2.38
16.53  2.38
16.55  2.37
16.57  2.37
16.58  2.36
16.60  2.36
16.62  2.36
16.63  2.36
16.65  2.35
16.67  2.35
16.68  2.35
16.70  2.34
16.72  2.34
16.73  2.34
16.75  2.33
16.77  2.33
16.78  2.33
16.80  2.32
16.82  2.32
16.83  2.31
16.85  2.31
16.87  2.31
16.88  2.30
16.90  2.30
16.92  2.29
16.93  2.29
16.95  2.29
16.97  2.29
16.98  2.28
17.00  2.28
17.02  2.28
17.03  2.28
17.05  2.27
17.07  2.28
17.08  2.31
17.10  2.26
17.12  2.22
17.13  2.24
17.15  2.25
17.17  2.24
17.18  2.24
17.20  2.23
17.22  2.23
17.23  2.22
17.25  2.22
17.27  2.22
17.28  2.21
17.30  2.21
17.32  2.20
17.33  2.17
17.35  2.16
17.37  2.16
17.38  2.16
17.40  2.15
17.42  2.14
17.43  2.14
17.45  2.13
17.47  2.12
17.48  2.12
17.50  2.11
17.52  2.10
17.53  2.07
17.55  2.05
17.57  2.03
17.58  2.03
17.60  2.03
17.62  2.06
17.63  2.06
17.65  2.04
17.67  2.02
17.68  2.01
17.70  2.00
17.72  2.00
17.73  1.99
17.75  1.97
17.77  1.95
17.78  1.93
17.80  1.91
17.82  1.90
17.83  1.89
17.85  1.88
17.87  1.87
17.88  1.85
17.90  1.84
17.92  1.82
17.93  1.80
17.95  1.78
17.97  1.77
17.98  1.75
18.00  1.73
18.02  1.70
18.03  1.67
18.05  1.65
18.07  1.62
18.08  1.59
18.10  1.56
18.12  1.53
18.13  1.50
18.15  1.47
18.17  1.44
18.18  1.40
18.18  1.37
18.20  1.33
18.22  1.29
18.23  1.25
18.25  1.21
18.27  1.17
18.28  1.13
18.30  1.09
18.32  1.04
18.33  1.00
18.35  0.96
18.37  0.91
18.38  0.86
18.40  0.82
18.42  0.77
18.43  0.72
18.45  0.67
18.47  0.62
18.48  0.56
18.50  0.51
18.52  0.47
18.53  0.42
18.55  0.38
18.57  0.33
18.58  0.29
18.60  0.25
18.62  0.21
18.63  0.18
18.65  0.15
18.67  0.13
18.68  0.10
18.70  0.08
18.72  0.06
18.73  0.05
18.75  0.04
18.77  0.03
18.78  0.02
18.80  0.01
18.82  0.01
18.83  0.00
18.85  0.00
18.87  0.00
18.88  0.00
18.90  0.00
18.92  0.00
18.93  0.00
18.95  0.00
18.97  0.00
18.98  0.00
19.00  0.00
19.02  0.00
19.03  0.00
19.05  0.00
19.07  0.00
19.08  0.00
19.10  0.00
19.12  0.00
19.13  0.00
19.15  0.00
19.17  0.00
19.18  0.00
19.20  0.00
19.22  0.00
19.23  0.00
19.25  0.00
19.27  0.00
19.28  0.00
19.30  0.00
19.32  0.00
19.33  0.00
19.35  0.00
19.37  0.00
19.38  0.00
19.40  0.00
19.42  0.00
19.43  0.00
19.45  0.00
19.47  0.00
19.48  0.00
19.50  0.00
19.52  0.00
19.53  0.00
19.55  0.00
19.57  0.00
19.58  0.00
19.60  0.00
19.62  0.00
19.63  0.00
19.65  0.00
19.67  0.00
19.68  0.00
19.70  0.00
19.72  0.00
19.73  0.00
19.75  0.00
19.77  0.00
19.78  0.00
19.80  0.00
19.82  0.00
19.83  0.00
19.85  0.00
19.87  0.00
19.88  0.00
19.90  0.00
19.92  0.00
19.93  0.00
19.95  0.00
19.97  0.00
19.98  0.00
20.00  0.00
20.02  0.00
20.03  0.00
20.05  0.00
20.07  0.00
20.08  0.00
20.10  0.00
20.12  0.00
20.13  0.00
20.15  0.00
20.17  0.00
20.18  0.00
20.20  0.00
20.22  0.00
20.23  0.00
20.25  0.00
20.27  0.00
20.28  0.00
20.30  0.00
20.32  0.00
20.33  0.00
20.35  0.00
20.37  0.00
20.38  0.00
20.40  0.00
20.42  0.00
20.43  0.00
20.45  0.00
20.47  0.00
20.48  0.00
20.50  0.00
20.52  0.00
20.53  0.00
20.55  0.00
20.57  0.00
20.58  0.00
20.60  0.00
20.62  0.00
20.63  0.00
20.65  0.00
20.67  0.00
20.68  0.00
20.70  0.00
20.72  0.00
20.73  0.00
20.75  0.00
20.77  0.00
20.78  0.00
20.80  0.00
20.82  0.00
20.83  0.00
20.85  0.00
20.87  0.00
20.88  0.00
20.90  0.00
20.92  0.00
20.93  0.00
20.95  0.00
20.97  0.00
20.98  0.00
21.00  0.00
21.02  0.00
21.03  0.00
21.05  0.00
21.07  0.00
21.08  0.00
21.10  0.00
21.12  0.00
21.13  0.00
21.15  0.00
21.17  0.00
21.18  0.00
21.20  0.00
21.22  0.00
21.23  0.00
21.25  0.00
21.27  0.00
21.28  0.00
21.30  0.00
21.32  0.00
21.33  0.00
21.35  0.00
21.37  0.00
21.38  0.00
21.40  0.00
21.42  0.00
21.43  0.00
21.45  0.00
21.47  0.00
21.48  0.00
21.50  0.00
21.52  0.00
21.53  0.00
21.55  0.00
21.57  0.00
21.58  0.00
21.60  0.00
21.62  0.00
21.63  0.00
21.65  0.00
21.67  0.00
21.68  0.00
21.70  0.00
21.72  0.00
21.73  0.00
21.75  0.00
21.77  0.00
21.78  0.00
21.80  0.00
21.82  0.00
21.83  0.00
21.85  0.00
21.87  0.00
21.88  0.00
21.90  0.00
21.92  0.00
21.93  0.00
21.95  0.00
21.97  0.00
21.98  0.00
22.00  0.00
22.02  0.00
22.03  0.00
22.05  0.00
22.07  0.00
22.08  0.00
22.10  0.00
22.12  0.00
22.13  0.00
22.15  0.00
22.17  0.00
22.18  0.00
22.20  0.00
22.22  0.00
22.23  0.00
22.25  0.00
22.27  0.00
22.28  0.00
22.30  0.00
22.32  0.00
22.33  0.00
22.35  0.00
22.37  0.00
22.38  0.00
22.40  0.00
22.42  0.00
22.43  0.00
22.45  0.00
22.47  0.00
22.48  0.00
22.50  0.00
22.52  0.00
22.53  0.00
22.55  0.00
22.57  0.00
22.58  0.00
22.60  0.00
22.62  0.00
22.63  0.00
22.65  0.00
22.67  0.00
22.68  0.00
22.70  0.00
22.72  0.00
22.73  0.00
22.75  0.00
22.77  0.00
22.78  0.00
22.80  0.00
22.82  0.00
22.83  0.00
22.85  0.00
22.87  0.00
22.88  0.00
22.90  0.00
22.92  0.00
22.93  0.00
22.95  0.00
22.97  0.00
22.98  0.00
23.00  0.00
23.02  0.00
23.03  0.00
23.05  0.00
23.07  0.00
23.08  0.00
23.10  0.00
23.12  0.00
23.13  0.00
23.15  0.00
23.17  0.00
23.18  0.00
23.20  0.00
23.22  0.00
23.23  0.00
23.25  0.00
23.27  0.00
23.28  0.00
23.30  0.00
23.32  0.00
23.33  0.00
23.35  0.00
23.37  0.00
23.38  0.00
23.40  0.00
23.42  0.00
23.43  0.00
23.45  0.00
23.47  0.00
23.48  0.00
23.50  0.00
23.52  0.00
23.53  0.00
23.55  0.00
23.57  0.00
23.58  0.00
23.60  0.00
23.62  0.00
23.63  0.00
23.65  0.00
23.67  0.00
23.68  0.00
23.70  0.00
23.72  0.00
23.73  0.00
23.75  0.00
23.77  0.00
23.78  0.00
23.80  0.00
23.82  0.00
23.83  0.00
23.85  0.00
23.87  0.00
23.88  0.00
23.90  0.00
23.92  0.00
23.93  0.00
23.95  0.00
23.97  0.00
23.98  0.00
