genericdec
-3.60 40.15
11    5    2015
0.00  0.00
0.02  0.00
0.03  0.00
0.05  0.00
0.07  0.00
0.08  0.00
0.10  0.00
0.12  0.00
0.13  0.00
0.15  0.00
0.17  0.00
0.18  0.00
0.20  0.00
0.22  0.00
0.23  0.00
0.25  0.00
0.27  0.00
0.28  0.00
0.30  0.00
0.32  0.00
0.33  0.00
0.35  0.00
0.37  0.00
0.38  0.00
0.40  0.00
0.42  0.00
0.43  0.00
0.45  0.00
0.47  0.00
0.48  0.00
0.50  0.00
0.52  0.00
0.53  0.00
0.55  0.00
0.57  0.00
0.58  0.00
0.60  0.00
0.62  0.00
0.63  0.00
0.65  0.00
0.67  0.00
0.68  0.00
0.70  0.00
0.72  0.00
0.73  0.00
0.75  0.00
0.77  0.00
0.78  0.00
0.80  0.00
0.82  0.00
0.83  0.00
0.85  0.00
0.87  0.00
0.88  0.00
0.90  0.00
0.92  0.00
0.93  0.00
0.95  0.00
0.97  0.00
0.98  0.00
1.00  0.00
1.02  0.00
1.03  0.00
1.05  0.00
1.07  0.00
1.08  0.00
1.10  0.00
1.12  0.00
1.13  0.00
1.15  0.00
1.17  0.00
1.18  0.00
1.20  0.00
1.22  0.00
1.23  0.00
1.25  0.00
1.27  0.00
1.28  0.00
1.30  0.00
1.32  0.00
1.33  0.00
1.35  0.00
1.37  0.00
1.38  0.00
1.40  0.00
1.42  0.00
1.43  0.00
1.45  0.00
1.47  0.00
1.48  0.00
1.50  0.00
1.52  0.00
1.53  0.00
1.55  0.00
1.57  0.00
1.58  0.00
1.60  0.00
1.62  0.00
1.63  0.00
1.65  0.00
1.67  0.00
1.68  0.00
1.70  0.00
1.72  0.00
1.73  0.00
1.75  0.00
1.77  0.00
1.78  0.00
1.80  0.00
1.82  0.00
1.83  0.00
1.85  0.00
1.87  0.00
1.88  0.00
1.90  0.00
1.92  0.00
1.93  0.00
1.95  0.00
1.97  0.00
1.98  0.00
2.00  0.00
2.02  0.00
2.03  0.00
2.05  0.00
2.07  0.00
2.08  0.00
2.10  0.00
2.12  0.00
2.13  0.00
2.15  0.00
2.17  0.00
2.18  0.00
2.20  0.00
2.22  0.00
2.23  0.00
2.25  0.00
2.27  0.00
2.28  0.00
2.30  0.00
2.32  0.00
2.33  0.00
2.35  0.00
2.37  0.00
2.38  0.00
2.40  0.00
2.42  0.00
2.43  0.00
2.45  0.00
2.47  0.00
2.48  0.00
2.50  0.00
2.52  0.00
2.53  0.00
2.55  0.00
2.57  0.00
2.58  0.00
2.60  0.00
2.62  0.00
2.63  0.00
2.65  0.00
2.67  0.00
2.68  0.00
2.70  0.00
2.72  0.00
2.73  0.00
2.75  0.00
2.77  0.00
2.78  0.00
2.80  0.00
2.82  0.00
2.83  0.00
2.85  0.00
2.87  0.00
2.88  0.00
2.90  0.00
2.92  0.00
2.93  0.00
2.95  0.00
2.97  0.00
2.98  0.00
3.00  0.00
3.02  0.00
3.03  0.00
3.05  0.00
3.07  0.00
3.08  0.00
3.10  0.00
3.12  0.00
3.13  0.00
3.15  0.00
3.17  0.00
3.18  0.00
3.20  0.00
3.22  0.00
3.23  0.00
3.25  0.00
3.27  0.00
3.28  0.00
3.30  0.00
3.32  0.00
3.33  0.00
3.35  0.00
3.37  0.00
3.38  0.00
3.40  0.00
3.42  0.00
3.43  0.00
3.45  0.00
3.47  0.00
3.48  0.00
3.50  0.00
3.52  0.00
3.53  0.00
3.55  0.00
3.57  0.00
3.58  0.00
3.60  0.00
3.62  0.00
3.63  0.00
3.65  0.00
3.67  0.00
3.68  0.00
3.70  0.00
3.72  0.00
3.73  0.00
3.75  0.00
3.77  0.00
3.78  0.00
3.80  0.00
3.82  0.00
3.83  0.00
3.85  0.00
3.87  0.00
3.88  0.00
3.90  0.00
3.92  0.00
3.93  0.00
3.95  0.00
3.97  0.00
3.98  0.00
4.00  0.00
4.02  0.00
4.03  0.00
4.05  0.00
4.07  0.00
4.08  0.00
4.10  0.00
4.12  0.00
4.13  0.00
4.15  0.00
4.17  0.00
4.18  0.00
4.20  0.00
4.22  0.00
4.23  0.00
4.25  0.00
4.27  0.00
4.28  0.00
4.30  0.00
4.32  0.00
4.33  0.00
4.35  0.00
4.37  0.00
4.38  0.00
4.40  0.00
4.42  0.00
4.43  0.00
4.45  0.00
4.47  0.00
4.48  0.00
4.50  0.00
4.52  0.00
4.53  0.00
4.55  0.01
4.57  0.01
4.58  0.02
4.60  0.03
4.62  0.03
4.63  0.04
4.65  0.05
4.67  0.07
4.68  0.08
4.70  0.10
4.72  0.12
4.73  0.15
4.75  0.18
4.77  0.21
4.78  0.25
4.80  0.28
4.82  0.30
4.83  0.32
4.85  0.34
4.87  0.37
4.88  0.41
4.90  0.44
4.92  0.47
4.93  0.51
4.95  0.55
4.97  0.60
4.98  0.66
5.00  0.74
5.02  0.82
5.03  0.89
5.05  0.97
5.07  1.04
5.08  1.11
5.10  1.19
5.12  1.27
5.13  1.36
5.15  1.46
5.17  1.56
5.18  1.65
5.20  1.70
5.22  1.70
5.23  1.74
5.25  1.80
5.27  1.87
5.28  1.92
5.30  1.98
5.32  2.05
5.33  2.12
5.35  2.21
5.37  2.29
5.38  2.41
5.40  2.58
5.42  2.71
5.43  2.69
5.45  2.60
5.47  2.56
5.48  2.57
5.50  2.61
5.52  2.66
5.53  2.71
5.55  2.74
5.57  2.73
5.58  2.70
5.60  2.72
5.62  2.79
5.63  2.85
5.65  2.84
5.67  2.83
5.68  2.84
5.70  2.85
5.72  2.85
5.73  2.86
5.75  2.88
5.77  2.91
5.78  2.92
5.80  2.94
5.82  2.96
5.83  2.96
5.85  2.95
5.87  2.97
5.88  3.01
5.90  3.04
5.92  3.07
5.93  3.09
5.95  3.06
5.97  3.02
5.98  3.02
6.00  3.04
6.02  3.06
6.03  3.08
6.05  3.13
6.07  3.18
6.08  3.20
6.10  3.17
6.12  3.14
6.13  3.17
6.15  3.24
6.17  3.29
6.18  3.22
6.20  3.17
6.22  3.16
6.23  3.18
6.25  3.22
6.27  3.25
6.28  3.32
6.30  3.40
6.32  3.51
6.33  3.49
6.35  3.59
6.37  3.64
6.38  3.58
6.40  3.50
6.42  3.51
6.43  3.60
6.45  3.64
6.47  3.70
6.48  3.72
6.50  3.68
6.52  3.66
6.53  3.63
6.55  3.64
6.57  3.65
6.58  3.73
6.60  3.73
6.62  3.80
6.63  3.80
6.63  3.80
6.65  3.81
6.67  3.80
6.68  3.80
6.70  3.82
6.72  3.83
6.73  3.84
6.75  3.84
6.77  3.84
6.78  3.81
6.80  3.78
6.82  3.79
6.83  3.82
6.85  3.85
6.87  3.85
6.88  3.86
6.90  3.85
6.92  3.86
6.93  3.87
6.95  3.88
6.97  3.90
6.98  3.92
7.00  3.94
7.02  3.94
7.03  3.97
7.05  3.95
7.07  3.96
7.08  3.96
7.10  3.98
7.12  3.98
7.13  3.97
7.15  3.94
7.17  3.93
7.18  3.91
7.20  3.90
7.22  3.92
7.23  3.91
7.25  3.92
7.27  3.91
7.28  4.03
7.30  4.04
7.32  4.06
7.33  4.07
7.35  4.05
7.37  4.08
7.38  4.10
7.40  4.11
7.42  4.12
7.43  4.10
7.45  4.02
7.47  3.93
7.48  3.94
7.50  3.95
7.52  3.92
7.53  3.92
7.55  3.89
7.57  3.92
7.58  3.98
7.60  3.99
7.62  3.97
7.63  3.97
7.65  4.02
7.67  4.00
7.68  4.01
7.70  4.01
7.72  3.99
7.73  3.99
7.75  4.05
7.77  3.97
7.78  4.02
7.80  4.07
7.82  4.06
7.83  4.05
7.85  4.06
7.87  4.05
7.88  4.02
7.90  4.03
7.92  4.00
7.93  4.00
7.95  4.01
7.97  4.00
7.98  4.03
8.00  4.05
8.02  4.11
8.03  4.10
8.05  4.08
8.07  4.10
8.08  4.11
8.10  4.12
8.12  4.13
8.13  4.13
8.15  4.16
8.17  4.16
8.18  4.15
8.20  4.13
8.22  4.13
8.23  4.15
8.25  4.14
8.27  4.10
8.28  4.09
8.30  4.10
8.32  4.10
8.33  4.09
8.35  4.10
8.37  4.12
8.38  4.12
8.40  4.15
8.42  4.15
8.43  4.14
8.45  4.13
8.47  4.10
8.48  4.14
8.50  4.15
8.52  4.13
8.53  4.06
8.55  4.05
8.57  4.07
8.58  4.11
8.60  4.16
8.62  4.18
8.63  4.17
8.65  4.14
8.67  4.13
8.68  4.13
8.70  4.12
8.72  4.11
8.73  4.13
8.75  4.19
8.77  4.16
8.78  4.19
8.80  4.19
8.82  4.19
8.83  4.18
8.85  4.16
8.87  4.18
8.88  4.19
8.90  4.17
8.92  4.15
8.93  4.22
8.95  4.20
8.97  4.15
8.98  4.18
9.00  4.13
9.02  4.13
9.03  4.16
9.05  4.17
9.07  4.18
9.08  4.18
9.10  4.16
9.12  4.15
9.13  4.17
9.15  4.18
9.17  4.16
9.18  4.10
9.20  4.12
9.22  4.07
9.23  4.03
9.25  4.01
9.27  4.04
9.28  4.09
9.30  4.14
9.32  4.18
9.33  4.18
9.35  4.20
9.37  4.21
9.38  4.21
9.40  4.22
9.42  4.19
9.43  4.15
9.45  4.16
9.47  4.21
9.48  4.24
9.50  4.25
9.52  4.23
9.53  4.22
9.55  4.24
9.57  4.24
9.58  4.24
9.60  4.23
9.62  4.22
9.63  4.22
9.65  4.21
9.67  4.21
9.68  4.21
9.70  4.23
9.72  4.21
9.73  4.12
9.75  4.09
9.77  4.11
9.78  4.13
9.80  4.20
9.82  4.16
9.83  4.20
9.85  4.23
9.87  4.24
9.88  4.23
9.90  4.23
9.92  4.23
9.93  4.22
9.95  4.25
9.97  4.27
9.98  4.26
10.00  4.26
10.02  4.25
10.03  4.25
10.05  4.26
10.07  4.27
10.08  4.27
10.10  4.27
10.12  4.27
10.13  4.27
10.15  4.27
10.17  4.26
10.18  4.26
10.20  4.24
10.22  4.25
10.23  4.26
10.25  4.21
10.27  4.17
10.28  4.15
10.30  4.12
10.32  4.15
10.33  4.18
10.35  4.22
10.37  4.23
10.38  4.19
10.40  4.16
10.42  4.14
10.43  4.09
10.45  4.14
10.47  4.18
10.48  4.18
10.50  4.20
10.52  4.20
10.53  4.19
10.55  4.16
10.57  4.22
10.58  4.23
10.60  4.18
10.62  4.20
10.63  4.12
10.65  4.18
10.67  4.18
10.68  4.17
10.70  4.16
10.72  4.23
10.73  4.23
10.75  4.24
10.77  4.24
10.78  4.25
10.80  4.25
10.82  4.26
10.83  4.26
10.85  4.27
10.87  4.27
10.88  4.26
10.90  4.26
10.92  4.27
10.93  4.24
10.95  4.25
10.97  4.25
10.98  4.21
11.00  4.21
11.02  4.24
11.03  4.26
11.05  4.24
11.07  4.25
11.08  4.25
11.10  4.24
11.12  4.23
11.13  4.24
11.15  4.25
11.17  4.26
11.18  4.26
11.20  4.26
11.22  4.26
11.23  4.26
11.25  4.26
11.27  4.26
11.28  4.26
11.30  4.25
11.32  4.25
11.33  4.25
11.35  4.25
11.37  4.13
11.38  3.68
11.40  3.37
11.42  3.34
11.43  3.32
11.45  3.30
11.47  3.27
11.48  3.26
11.50  3.25
11.52  3.25
11.53  3.26
11.55  3.26
11.57  3.26
11.58  3.27
11.60  3.28
11.62  3.29
11.63  3.29
11.65  3.27
11.67  3.25
11.68  3.21
11.70  3.20
11.72  3.22
11.73  3.23
11.75  3.25
11.77  3.25
11.78  3.25
11.80  3.25
11.82  3.24
11.83  3.23
11.85  3.24
11.87  3.28
11.88  3.29
11.90  3.29
11.92  3.28
11.93  3.26
11.95  3.23
11.97  3.23
11.98  3.22
12.00  3.23
12.02  3.25
12.03  3.27
12.05  3.28
12.07  3.27
12.08  3.25
12.10  3.22
12.12  3.19
12.13  3.15
12.15  3.15
12.17  3.16
12.18  3.17
12.20  3.20
12.22  3.22
12.23  3.23
12.25  3.22
12.27  3.21
12.28  3.20
12.30  3.19
12.32  3.19
12.33  3.19
12.35  3.17
12.37  3.16
12.38  3.15
12.40  3.13
12.42  3.12
12.43  3.12
12.45  3.12
12.47  3.14
12.48  3.16
12.50  3.18
12.52  3.20
12.53  3.22
12.55  3.22
12.57  3.21
12.58  3.20
12.60  3.20
12.62  3.20
12.63  3.20
12.65  3.20
12.67  3.21
12.68  3.20
12.70  3.19
12.72  3.17
12.73  3.12
12.75  3.10
12.77  3.08
12.78  3.09
12.80  3.10
12.82  3.11
12.83  3.13
12.85  3.15
12.87  3.15
12.88  3.16
12.90  3.16
12.92  3.15
12.93  3.14
12.95  3.13
12.97  3.13
12.98  3.13
13.00  3.13
13.02  3.10
13.03  3.10
13.05  3.11
13.07  3.14
13.08  3.18
13.10  3.22
13.12  3.24
13.13  3.25
13.15  3.24
13.17  3.23
13.18  3.21
13.20  3.20
13.22  3.17
13.23  3.15
13.25  3.13
13.27  3.11
13.28  3.08
13.30  3.06
13.32  3.04
13.33  3.02
13.35  3.00
13.37  2.99
13.38  2.97
13.40  2.96
13.42  2.96
13.43  2.95
13.45  2.94
13.47  2.93
13.48  2.93
13.50  2.92
13.52  2.92
13.53  2.91
13.55  2.91
13.57  2.91
13.58  2.91
13.60  2.91
13.62  2.91
13.63  2.90
13.65  2.89
13.67  2.89
13.68  2.88
13.70  2.89
13.72  2.89
13.73  2.91
13.75  2.91
13.77  2.92
13.78  2.93
13.80  2.93
13.82  2.92
13.83  2.92
13.85  2.92
13.87  2.92
13.88  2.91
13.90  2.91
13.92  2.89
13.93  2.89
13.95  2.89
13.97  2.89
13.98  2.89
14.00  2.89
14.02  2.89
14.03  2.89
14.05  2.89
14.07  2.90
14.08  2.90
14.10  2.91
14.12  2.91
14.13  2.91
14.15  2.91
14.17  2.91
14.18  2.91
14.20  2.90
14.22  2.90
14.23  2.89
14.25  2.89
14.27  2.88
14.28  2.88
14.30  2.87
14.32  2.87
14.33  2.86
14.35  2.85
14.37  2.84
14.38  2.84
14.40  2.83
14.42  2.84
14.43  2.83
14.45  2.84
14.47  2.84
14.48  2.84
14.50  2.84
14.52  2.83
14.53  2.83
14.55  2.83
14.57  2.85
14.58  2.88
14.60  2.89
14.62  2.90
14.63  2.92
14.65  2.95
14.67  2.97
14.68  3.00
14.70  3.01
14.72  3.00
14.73  2.99
14.75  2.98
14.77  2.97
14.78  2.95
14.80  2.93
14.82  2.92
14.83  2.89
14.85  2.88
14.87  2.87
14.88  2.87
14.90  2.86
14.92  2.84
14.93  2.83
14.95  2.81
14.97  2.80
14.98  2.82
15.00  2.84
15.02  2.85
15.03  2.86
15.05  2.86
15.07  2.85
15.08  2.86
15.10  2.86
15.12  2.87
15.13  2.88
15.15  2.89
15.17  2.89
15.18  2.89
15.20  2.90
15.22  2.89
15.23  2.87
15.25  2.85
15.27  2.83
15.28  2.81
15.30  2.79
15.32  2.78
15.33  2.77
15.35  2.75
15.37  2.74
15.38  2.73
15.40  2.70
15.42  2.69
15.43  2.69
15.45  2.70
15.47  2.69
15.48  2.68
15.50  2.69
15.52  2.69
15.53  2.70
15.55  2.71
15.57  2.72
15.58  2.73
15.60  2.75
15.62  2.75
15.63  2.75
15.65  2.75
15.67  2.74
15.68  2.74
15.70  2.75
15.72  2.76
15.73  2.78
15.75  2.79
15.77  2.80
15.78  2.81
15.80  2.81
15.82  2.80
15.83  2.82
15.85  2.83
15.87  2.84
15.88  2.86
15.90  2.86
15.92  2.87
15.93  2.87
15.95  2.87
15.97  2.86
15.98  2.85
16.00  2.83
16.02  2.83
16.03  2.83
16.05  2.83
16.07  2.84
16.08  2.84
16.10  2.84
16.12  2.85
16.13  2.87
16.15  2.88
16.17  2.88
16.18  2.90
16.20  2.89
16.22  2.89
16.23  2.89
16.25  2.88
16.27  2.87
16.28  2.86
16.30  2.85
16.32  2.83
16.33  2.84
16.35  2.86
16.37  2.85
16.38  2.86
16.40  2.86
16.42  2.87
16.43  2.88
16.45  2.90
16.47  2.92
16.48  2.93
16.50  2.94
16.52  2.96
16.53  2.98
16.55  3.00
16.57  3.03
16.58  3.05
16.60  3.06
16.62  3.04
16.63  3.02
16.65  2.99
16.67  2.96
16.68  2.92
16.70  2.89
16.72  2.88
16.73  2.85
16.75  2.81
16.77  2.80
16.78  2.80
16.80  2.78
16.82  2.76
16.83  2.77
16.85  2.77
16.87  2.77
16.88  2.76
16.90  2.76
16.92  2.76
16.93  2.74
16.95  2.73
16.97  2.74
16.98  2.75
17.00  2.77
17.02  2.78
17.03  2.80
17.05  2.81
17.07  2.83
17.08  2.84
17.10  2.84
17.12  2.85
17.13  2.86
17.15  2.85
17.17  2.85
17.18  2.84
17.20  2.84
17.22  2.83
17.23  2.82
17.25  2.81
17.27  2.81
17.28  2.80
17.30  2.78
17.32  2.77
17.33  2.76
17.35  2.74
17.37  2.72
17.38  2.71
17.40  2.70
17.42  2.69
17.43  2.67
17.45  2.66
17.47  2.65
17.48  2.63
17.50  2.61
17.52  2.61
17.53  2.60
17.55  2.58
17.57  2.58
17.58  2.57
17.60  2.56
17.62  2.56
17.63  2.55
17.65  2.54
17.67  2.53
17.68  2.53
17.70  2.52
17.72  2.51
17.73  2.50
17.75  2.49
17.77  2.48
17.78  2.47
17.80  2.46
17.82  2.45
17.83  2.44
17.85  2.43
17.87  2.42
17.88  2.42
17.90  2.41
17.92  2.40
17.93  2.40
17.95  2.39
17.97  2.39
17.98  2.38
18.00  2.37
18.02  2.36
18.03  2.36
18.05  2.35
18.07  2.34
18.08  2.33
18.10  2.32
18.12  2.31
18.13  2.30
18.15  2.29
18.17  2.28
18.18  2.27
18.20  2.25
18.22  2.24
18.23  2.23
18.25  2.22
18.27  2.20
18.28  2.19
18.30  2.18
18.32  2.17
18.33  2.16
18.35  2.15
18.37  2.13
18.38  2.12
18.40  2.11
18.42  2.10
18.43  2.08
18.45  2.07
18.47  2.06
18.48  2.04
18.50  2.03
18.52  2.02
18.53  2.01
18.55  2.00
18.57  1.98
18.58  1.97
18.60  1.95
18.62  1.93
18.63  1.90
18.65  1.88
18.67  1.87
18.68  1.85
18.70  1.83
18.72  1.81
18.73  1.80
18.75  1.78
18.77  1.76
18.78  1.74
18.80  1.72
18.82  1.70
18.83  1.67
18.85  1.65
18.87  1.62
18.88  1.60
18.90  1.57
18.92  1.54
18.93  1.51
18.95  1.47
18.97  1.44
18.98  1.40
19.00  1.36
19.02  1.32
19.03  1.27
19.05  1.23
19.07  1.19
19.08  1.15
19.10  1.10
19.12  1.05
19.13  1.00
19.15  0.94
19.17  0.88
19.18  0.82
19.20  0.76
19.22  0.70
19.23  0.64
19.25  0.59
19.27  0.54
19.28  0.49
19.30  0.44
19.32  0.39
19.33  0.35
19.35  0.31
19.37  0.27
19.38  0.24
19.40  0.21
19.42  0.18
19.43  0.16
19.45  0.14
19.47  0.11
19.48  0.09
19.50  0.08
19.52  0.06
19.53  0.05
19.55  0.04
19.57  0.03
19.58  0.02
19.60  0.02
19.62  0.01
19.63  0.01
19.65  0.00
19.67  0.00
19.68  0.00
19.70  0.00
19.72  0.00
19.73  0.00
19.75  0.00
19.77  0.00
19.78  0.00
19.80  0.00
19.82  0.00
19.83  0.00
19.85  0.00
19.87  0.00
19.88  0.00
19.90  0.00
19.92  0.00
19.93  0.00
19.95  0.00
19.97  0.00
19.98  0.00
20.00  0.00
20.02  0.00
20.03  0.00
20.05  0.00
20.07  0.00
20.08  0.00
20.10  0.00
20.12  0.00
20.13  0.00
20.15  0.00
20.17  0.00
20.18  0.00
20.20  0.00
20.22  0.00
20.23  0.00
20.25  0.00
20.27  0.00
20.28  0.00
20.30  0.00
20.32  0.00
20.33  0.00
20.35  0.00
20.37  0.00
20.38  0.00
20.40  0.00
20.42  0.00
20.43  0.00
20.45  0.00
20.47  0.00
20.48  0.00
20.50  0.00
20.52  0.00
20.53  0.00
20.55  0.00
20.57  0.00
20.58  0.00
20.60  0.00
20.62  0.00
20.63  0.00
20.65  0.00
20.67  0.00
20.68  0.00
20.70  0.00
20.72  0.00
20.73  0.00
20.75  0.00
20.77  0.00
20.78  0.00
20.80  0.00
20.82  0.00
20.83  0.00
20.85  0.00
20.87  0.00
20.88  0.00
20.90  0.00
20.92  0.00
20.93  0.00
20.95  0.00
20.97  0.00
20.98  0.00
21.00  0.00
21.02  0.00
21.03  0.00
21.05  0.00
21.07  0.00
21.08  0.00
21.08  0.00
21.10  0.00
21.12  0.00
21.13  0.00
21.15  0.00
21.17  0.00
21.18  0.00
21.20  0.00
21.22  0.00
21.23  0.00
21.25  0.00
21.27  0.00
21.28  0.00
21.30  0.00
21.32  0.00
21.33  0.00
21.35  0.00
21.37  0.00
21.38  0.00
21.40  0.00
21.42  0.00
21.43  0.00
21.45  0.00
21.47  0.00
21.48  0.00
21.50  0.00
21.52  0.00
21.53  0.00
21.55  0.00
21.57  0.00
21.58  0.00
21.60  0.00
21.62  0.00
21.63  0.00
21.65  0.00
21.67  0.00
21.68  0.00
21.70  0.00
21.72  0.00
21.73  0.00
21.75  0.00
21.77  0.00
21.78  0.00
21.80  0.00
21.82  0.00
21.83  0.00
21.85  0.00
21.87  0.00
21.88  0.00
21.90  0.00
21.92  0.00
21.93  0.00
21.95  0.00
21.97  0.00
21.98  0.00
22.00  0.00
22.02  0.00
22.03  0.00
22.05  0.00
22.07  0.00
22.08  0.00
22.10  0.00
22.12  0.00
22.13  0.00
22.15  0.00
22.17  0.00
22.18  0.00
22.20  0.00
22.22  0.00
22.23  0.00
22.25  0.00
22.27  0.00
22.28  0.00
22.30  0.00
22.32  0.00
22.33  0.00
22.35  0.00
22.37  0.00
22.38  0.00
22.40  0.00
22.42  0.00
22.43  0.00
22.45  0.00
22.47  0.00
22.48  0.00
22.50  0.00
22.52  0.00
22.53  0.00
22.55  0.00
22.57  0.00
22.58  0.00
22.60  0.00
22.62  0.00
22.63  0.00
22.65  0.00
22.67  0.00
22.68  0.00
22.70  0.00
22.72  0.00
22.73  0.00
22.75  0.00
22.77  0.00
22.78  0.00
22.80  0.00
22.82  0.00
22.83  0.00
22.85  0.00
22.87  0.00
22.88  0.00
22.90  0.00
22.92  0.00
22.93  0.00
22.95  0.00
22.97  0.00
22.98  0.00
23.00  0.00
23.02  0.00
23.03  0.00
23.05  0.00
23.07  0.00
23.08  0.00
23.10  0.00
23.12  0.00
23.13  0.00
23.15  0.00
23.17  0.00
23.18  0.00
23.20  0.00
23.22  0.00
23.23  0.00
23.25  0.00
23.27  0.00
23.28  0.00
23.30  0.00
23.32  0.00
23.33  0.00
23.35  0.00
23.37  0.00
23.38  0.00
23.40  0.00
23.42  0.00
23.43  0.00
23.45  0.00
23.47  0.00
23.48  0.00
23.50  0.00
23.52  0.00
23.53  0.00
23.55  0.00
23.57  0.00
23.58  0.00
23.60  0.00
23.62  0.00
23.63  0.00
23.65  0.00
23.67  0.00
23.68  0.00
23.70  0.00
23.72  0.00
23.73  0.00
23.75  0.00
23.77  0.00
23.78  0.00
23.80  0.00
23.82  0.00
23.83  0.00
23.85  0.00
23.87  0.00
23.88  0.00
23.90  0.00
23.92  0.00
23.93  0.00
23.95  0.00
23.97  0.00
23.98  0.00
0.02  4.28
0.03  4.27
0.05  4.27
0.07  4.27
0.08  4.28
0.10  4.27
0.12  4.27
0.13  4.28
0.15  4.28
0.17  4.28
0.18  4.27
0.20  4.28
0.22  4.28
0.23  4.27
0.25  4.27
0.27  4.28
0.28  4.27
0.30  4.27
0.32  4.27
0.33  4.27
0.35  4.27
0.37  4.25
0.38  4.08
0.40  3.40
0.42  3.06
0.43  3.04
0.45  3.01
0.47  3.00
0.48  2.98
0.50  2.97
0.52  2.96
0.53  2.95
0.55  2.94
0.57  2.93
0.58  2.92
0.60  2.91
0.62  2.91
0.63  2.90
0.65  2.90
0.67  2.90
0.68  2.89
0.70  2.89
0.72  2.89
0.73  2.89
0.75  2.89
0.77  2.88
0.78  2.88
0.80  2.88
0.82  2.88
0.83  2.88
0.85  2.87
0.87  2.87
0.88  2.87
0.90  2.87
0.92  2.87
0.93  2.87
0.95  2.86
0.97  2.86
0.98  2.86
1.00  2.85
1.02  2.85
1.03  2.85
1.05  2.85
1.07  2.84
1.08  2.84
1.10  2.84
1.12  2.84
1.13  2.83
1.15  2.83
1.17  2.83
1.18  2.82
1.20  2.82
1.22  2.82
1.23  2.81
1.25  2.81
1.27  2.81
1.28  2.81
1.30  2.80
1.32  2.80
1.33  2.79
1.35  2.79
1.37  2.79
1.38  2.79
1.40  2.78
1.42  2.78
1.43  2.78
1.45  2.78
1.47  2.78
1.48  2.77
1.50  2.77
1.52  2.77
1.53  2.76
1.55  2.76
1.57  2.76
1.58  2.76
1.60  2.75
1.62  2.75
1.63  2.75
1.65  2.75
1.67  2.75
1.68  2.74
1.70  2.74
1.72  2.74
1.73  2.73
1.75  2.73
1.77  2.73
1.78  2.73
1.80  2.73
1.82  2.72
1.83  2.72
1.85  2.72
1.87  2.71
1.88  2.71
1.90  2.71
1.92  2.71
1.93  2.71
1.95  2.70
1.97  2.70
1.98  2.70
2.00  2.70
2.02  2.70
2.03  2.69
2.05  2.69
2.07  2.69
2.08  2.69
2.10  2.68
2.12  2.68
2.13  2.68
2.15  2.68
2.17  2.67
2.18  2.67
2.20  2.67
2.22  2.67
2.23  2.66
2.25  2.66
2.27  2.66
2.28  2.66
2.30  2.65
2.32  2.65
2.33  2.65
2.35  2.65
2.37  2.64
2.38  2.64
2.40  2.64
2.42  2.64
2.43  2.64
2.45  2.63
2.47  2.63
2.48  2.63
2.50  2.63
2.52  2.62
2.53  2.62
2.55  2.62
2.57  2.62
2.58  2.61
2.60  2.61
2.62  2.61
2.63  2.61
2.65  2.61
2.67  2.60
2.68  2.60
2.70  2.60
2.72  2.60
2.73  2.60
2.75  2.59
2.77  2.59
2.78  2.59
2.80  2.59
2.82  2.59
2.83  2.59
2.85  2.58
2.87  2.58
2.88  2.58
2.90  2.58
2.92  2.58
2.93  2.57
2.95  2.57
2.97  2.57
2.98  2.57
3.00  2.57
3.02  2.57
3.03  2.57
3.05  2.56
3.07  2.56
3.08  2.56
3.10  2.56
3.12  2.55
3.13  2.55
3.15  2.55
3.17  2.55
3.18  2.55
3.20  2.55
3.22  2.55
3.23  2.54
3.25  2.54
3.27  2.54
3.28  2.54
3.30  2.54
3.32  2.54
3.33  2.53
3.35  2.53
3.37  2.53
3.38  2.53
3.40  2.53
3.42  2.53
3.43  2.53
3.45  2.53
3.47  2.53
3.48  2.53
3.50  2.52
3.52  2.52
3.53  2.52
3.55  2.52
3.57  2.52
3.58  2.52
3.60  2.52
3.62  2.51
3.63  2.51
3.65  2.51
3.67  2.51
3.68  2.51
3.70  2.51
3.72  2.51
3.73  2.51
3.75  2.51
3.77  2.50
3.78  2.50
3.80  2.50
3.82  2.50
3.83  2.50
3.85  2.50
3.87  2.50
3.88  2.50
3.90  2.50
3.92  2.50
3.93  2.50
3.95  2.50
3.97  2.50
3.98  2.50
4.00  2.50
4.02  2.50
4.03  2.50
4.05  2.50
4.07  2.50
4.08  2.50
4.10  2.50
4.12  2.50
4.13  2.50
4.15  2.50
4.17  2.50
4.18  2.50
4.20  2.49
4.22  2.50
4.23  2.49
4.25  2.49
4.27  2.49
4.28  2.49
4.30  2.49
4.32  2.49
4.33  2.49
4.35  2.49
4.37  2.49
4.38  2.49
4.40  2.49
4.42  2.49
4.43  2.49
4.45  2.49
4.47  2.49
4.48  2.49
4.50  2.49
4.52  2.49
4.53  2.49
4.55  2.49
4.57  2.49
4.58  2.49
4.60  2.49
4.62  2.49
4.63  2.49
4.65  2.49
4.67  2.49
4.68  2.49
4.70  2.49
4.72  2.49
4.73  2.49
4.75  2.49
4.77  2.49
4.78  2.49
4.80  2.49
4.82  2.48
4.83  2.48
4.85  2.48
4.87  2.48
4.88  2.48
4.90  2.48
4.92  2.48
4.93  2.48
4.95  2.48
4.97  2.48
4.98  2.48
5.00  2.47
5.02  2.47
5.03  2.47
5.05  2.47
5.07  2.47
5.08  2.47
5.10  2.47
5.12  2.47
5.13  2.47
5.15  2.47
5.17  2.46
5.18  2.46
5.20  2.46
5.22  2.46
5.23  2.46
5.25  2.46
5.27  2.46
5.28  2.46
5.30  2.46
5.32  2.46
5.33  2.46
5.35  2.45
5.37  2.45
5.38  2.45
5.40  2.45
5.42  2.45
5.43  2.45
5.45  2.45
5.47  2.45
5.48  2.45
5.50  2.45
5.52  2.45
5.53  2.45
5.55  2.45
5.57  2.45
5.58  2.44
5.60  2.44
5.62  2.44
5.63  2.44
5.65  2.44
5.67  2.44
5.68  2.44
5.70  2.44
5.72  2.44
5.73  2.44
5.75  2.44
5.77  2.44
5.78  2.43
5.80  2.43
5.82  2.43
5.83  2.43
5.85  2.43
5.87  2.43
5.88  2.43
5.90  2.43
5.92  2.43
5.93  2.43
5.95  2.43
5.97  2.43
5.98  2.43
6.00  2.42
6.02  2.42
6.03  2.42
6.05  2.42
6.07  2.42
6.08  2.42
6.10  2.42
6.12  2.42
6.13  2.41
6.15  2.40
6.17  2.41
6.18  2.41
6.20  2.41
6.22  2.40
6.23  2.40
6.25  2.40
6.27  2.40
6.28  2.40
6.30  2.40
6.32  2.39
6.33  2.39
6.35  2.39
6.37  2.38
6.38  2.39
6.40  2.38
6.42  2.38
6.43  2.38
6.45  2.38
6.47  2.38
6.48  2.37
6.50  2.37
6.52  2.37
6.53  2.37
6.55  2.36
6.57  2.36
6.58  2.36
6.60  2.37
6.62  2.36
6.63  2.36
6.65  2.32
6.67  2.31
6.68  2.30
6.70  2.33
6.72  2.33
6.73  2.28
6.75  2.29
6.77  2.31
6.78  2.32
6.80  2.32
6.82  2.32
6.83  2.32
6.85  2.32
6.87  2.31
6.88  2.28
6.90  2.27
6.92  2.28
6.93  2.29
6.95  2.29
6.97  2.27
6.98  2.24
7.00  2.24
7.02  2.26
7.03  2.26
7.05  2.23
7.07  2.21
7.08  2.23
7.10  2.24
7.12  2.24
7.13  2.23
7.15  2.22
7.17  2.22
7.18  2.21
7.20  2.20
7.22  2.20
7.23  2.19
7.25  2.18
7.27  2.17
7.28  2.16
7.30  2.15
7.32  2.14
7.33  2.14
7.35  2.13
7.37  2.12
7.38  2.12
7.40  2.11
7.42  2.10
7.43  2.08
7.45  2.07
7.47  2.06
7.48  2.05
7.50  2.03
7.52  2.02
7.53  2.01
7.55  2.00
7.55  1.99
7.57  1.98
7.58  1.98
7.60  1.97
7.62  1.96
7.63  1.95
7.65  1.93
7.67  1.93
7.68  1.92
7.70  1.91
7.72  1.89
7.73  1.88
7.75  1.87
7.77  1.85
7.78  1.84
7.80  1.82
7.82  1.80
7.83  1.79
7.85  1.76
7.87  1.74
7.88  1.72
7.90  1.69
7.92  1.67
7.93  1.64
7.95  1.61
7.97  1.59
7.98  1.56
8.00  1.54
8.02  1.51
8.03  1.48
8.05  1.44
8.07  1.40
8.08  1.36
8.10  1.31
8.12  1.26
8.13  1.20
8.15  1.15
8.17  1.10
8.18  1.05
8.20  1.01
8.22  0.96
8.23  0.90
8.25  0.85
8.27  0.80
8.28  0.75
8.30  0.70
8.32  0.65
8.33  0.61
8.35  0.56
8.37  0.52
8.38  0.48
8.40  0.44
8.42  0.41
8.43  0.37
8.45  0.34
8.47  0.30
8.48  0.27
8.50  0.24
8.52  0.21
8.53  0.18
8.55  0.16
8.57  0.13
8.58  0.11
8.60  0.09
8.62  0.08
8.63  0.06
8.65  0.05
8.67  0.04
8.68  0.03
8.70  0.03
8.72  0.02
8.73  0.01
8.75  0.01
8.77  0.01
8.78  0.00
8.80  0.00
8.82  0.00
8.83  0.00
8.85  0.00
8.87  0.00
8.88  0.00
8.90  0.00
8.92  0.00
8.93  0.00
8.95  0.00
8.97  0.00
8.98  0.00
9.00  0.00
9.02  0.00
9.03  0.00
9.05  0.00
9.07  0.00
9.08  0.00
9.10  0.00
9.12  0.00
9.13  0.00
9.15  0.00
9.17  0.00
9.18  0.00
9.20  0.00
9.22  0.00
9.23  0.00
9.25  0.00
9.27  0.00
9.28  0.00
