genericdec
-3.60   40.15
11   1   2015
0.00  0.00
0.02  0.00
0.03  0.00
0.05  0.00
0.07  0.00
0.08  0.00
0.10  0.00
0.12  0.00
0.13  0.00
0.15  0.00
0.17  0.00
0.18  0.00
0.20  0.00
0.22  0.00
0.23  0.00
0.25  0.00
0.27  0.00
0.28  0.00
0.30  0.00
0.32  0.00
0.33  0.00
0.35  0.00
0.37  0.00
0.38  0.00
0.40  0.00
0.42  0.00
0.43  0.00
0.45  0.00
0.47  0.00
0.48  0.00
0.50  0.00
0.52  0.00
0.53  0.00
0.55  0.00
0.57  0.00
0.58  0.00
0.60  0.00
0.62  0.00
0.63  0.00
0.65  0.00
0.67  0.00
0.68  0.00
0.70  0.00
0.72  0.00
0.73  0.00
0.75  0.00
0.77  0.00
0.78  0.00
0.80  0.00
0.82  0.00
0.83  0.00
0.85  0.00
0.87  0.00
0.88  0.00
0.90  0.00
0.92  0.00
0.93  0.00
0.95  0.00
0.97  0.00
0.98  0.00
1.00  0.00
1.02  0.00
1.03  0.00
1.05  0.00
1.07  0.00
1.08  0.00
1.10  0.00
1.12  0.00
1.13  0.00
1.15  0.00
1.17  0.00
1.18  0.00
1.20  0.00
1.22  0.00
1.23  0.00
1.25  0.00
1.27  0.00
1.28  0.00
1.30  0.00
1.32  0.00
1.33  0.00
1.35  0.00
1.37  0.00
1.38  0.00
1.40  0.00
1.42  0.00
1.43  0.00
1.45  0.00
1.47  0.00
1.48  0.00
1.50  0.00
1.52  0.00
1.53  0.00
1.55  0.00
1.57  0.00
1.58  0.00
1.60  0.00
1.62  0.00
1.63  0.00
1.65  0.00
1.67  0.00
1.68  0.00
1.70  0.00
1.72  0.00
1.73  0.00
1.75  0.00
1.77  0.00
1.78  0.00
1.80  0.00
1.82  0.00
1.83  0.00
1.85  0.00
1.87  0.00
1.88  0.00
1.90  0.00
1.92  0.00
1.93  0.00
1.95  0.00
1.97  0.00
1.98  0.00
2.00  0.00
2.02  0.00
2.03  0.00
2.05  0.00
2.07  0.00
2.08  0.00
2.10  0.00
2.12  0.00
2.13  0.00
2.15  0.00
2.17  0.00
2.18  0.00
2.20  0.00
2.22  0.00
2.23  0.00
2.25  0.00
2.27  0.00
2.28  0.00
2.30  0.00
2.32  0.00
2.33  0.00
2.35  0.00
2.37  0.00
2.38  0.00
2.40  0.00
2.42  0.00
2.43  0.00
2.45  0.00
2.47  0.00
2.48  0.00
2.50  0.00
2.52  0.00
2.53  0.00
2.55  0.00
2.57  0.00
2.58  0.00
2.60  0.00
2.62  0.00
2.63  0.00
2.65  0.00
2.67  0.00
2.68  0.00
2.70  0.00
2.72  0.00
2.73  0.00
2.75  0.00
2.77  0.00
2.78  0.00
2.80  0.00
2.82  0.00
2.83  0.00
2.85  0.00
2.87  0.00
2.88  0.00
2.90  0.00
2.92  0.00
2.93  0.00
2.95  0.00
2.97  0.00
2.98  0.00
3.00  0.00
3.02  0.00
3.03  0.00
3.05  0.01
3.07  0.01
3.08  0.01
3.10  0.02
3.12  0.03
3.13  0.03
3.15  0.04
3.17  0.05
3.18  0.05
3.20  0.06
3.22  0.07
3.23  0.07
3.25  0.08
3.27  0.09
3.28  0.10
3.30  0.11
3.32  0.13
3.33  0.14
3.35  0.16
3.37  0.17
3.38  0.19
3.40  0.20
3.42  0.21
3.43  0.22
3.45  0.23
3.47  0.24
3.48  0.27
3.50  0.31
3.52  0.36
3.53  0.39
3.55  0.42
3.57  0.45
3.58  0.47
3.60  0.49
3.62  0.51
3.63  0.52
3.65  0.54
3.67  0.57
3.68  0.60
3.70  0.63
3.72  0.66
3.73  0.70
3.75  0.76
3.77  0.86
3.78  0.94
3.80  0.98
3.82  1.00
3.83  1.02
3.85  1.05
3.87  1.07
3.88  1.09
3.90  1.11
3.92  1.14
3.93  1.17
3.95  1.20
3.97  1.23
3.98  1.29
4.00  1.41
4.02  1.55
4.03  1.65
4.05  1.69
4.07  1.71
4.08  1.72
4.10  1.69
4.12  1.67
4.13  1.65
4.15  1.63
4.17  1.61
4.18  1.62
4.20  1.65
4.22  1.62
4.23  1.66
4.25  1.67
4.27  1.67
4.28  1.61
4.30  1.61
4.32  1.60
4.33  1.56
4.35  1.52
4.37  1.46
4.38  1.31
4.40  1.29
4.42  1.25
4.43  1.22
4.45  1.18
4.47  1.15
4.48  1.15
4.50  1.17
4.52  1.21
4.53  1.23
4.55  1.23
4.57  1.21
4.58  1.19
4.60  1.19
4.62  1.18
4.63  1.19
4.65  1.18
4.67  1.19
4.68  1.19
4.70  1.21
4.72  1.23
4.73  1.27
4.75  1.31
4.77  1.36
4.78  1.39
4.80  1.41
4.82  1.46
4.83  1.52
4.85  1.55
4.87  1.59
4.87  1.67
4.88  1.76
4.90  1.85
4.92  1.88
4.93  1.89
4.95  1.89
4.97  1.90
4.98  1.94
5.00  2.03
5.02  2.07
5.03  2.01
5.05  1.91
5.07  1.95
5.08  2.06
5.10  2.22
5.12  2.32
5.13  2.39
5.15  2.40
5.17  2.42
5.18  2.44
5.20  2.43
5.22  2.42
5.23  2.48
5.25  2.50
5.27  2.44
5.28  2.42
5.30  2.40
5.32  2.40
5.33  2.45
5.35  2.43
5.37  2.37
5.38  2.23
5.40  2.07
5.42  1.97
5.43  1.90
5.45  1.87
5.47  1.91
5.48  1.94
5.50  1.96
5.52  2.01
5.53  2.03
5.55  2.05
5.57  2.14
5.58  2.23
5.60  2.30
5.62  2.38
5.63  2.44
5.65  2.51
5.67  2.58
5.68  2.67
5.70  2.76
5.72  2.75
5.73  2.73
5.75  2.84
5.77  2.80
5.78  2.83
5.80  2.88
5.82  2.86
5.83  2.85
5.85  2.92
5.87  3.26
5.88  3.50
5.90  3.18
5.92  3.21
5.93  3.36
5.95  3.06
5.97  2.98
5.98  3.07
6.00  3.06
6.02  2.89
6.03  2.81
6.05  2.80
6.07  2.77
6.08  2.76
6.10  2.76
6.12  2.71
6.13  2.69
6.15  2.67
6.17  2.91
6.18  2.87
6.20  3.08
6.22  3.12
6.23  3.21
6.25  3.20
6.27  3.19
6.28  3.46
6.30  3.53
6.32  3.73
6.33  3.97
6.35  3.95
6.37  3.99
6.38  4.01
6.40  4.02
6.42  3.97
6.43  3.80
6.45  3.89
6.47  3.81
6.48  3.89
6.50  3.81
6.52  3.98
6.53  3.77
6.55  4.00
6.57  3.65
6.58  3.72
6.60  3.79
6.62  3.89
6.63  3.77
6.65  3.64
6.67  3.55
6.68  3.55
6.70  3.67
6.72  3.52
6.73  3.49
6.75  3.56
6.77  3.75
6.78  3.82
6.80  3.97
6.82  3.70
6.83  3.68
6.85  3.49
6.87  3.47
6.88  3.54
6.90  3.51
6.92  3.46
6.93  3.56
6.95  3.76
6.97  3.62
6.98  3.38
7.00  3.34
7.02  3.35
7.03  3.52
7.05  3.51
7.07  3.59
7.08  3.33
7.10  3.70
7.12  3.60
7.13  3.75
7.15  3.39
7.17  3.33
7.18  3.52
7.20  3.78
7.22  4.05
7.23  4.05
7.25  3.70
7.27  3.46
7.28  3.11
7.30  3.16
7.32  3.86
7.33  3.42
7.35  3.13
7.37  3.23
7.38  3.17
7.40  3.11
7.42  3.07
7.43  3.38
7.45  4.10
7.47  4.11
7.48  4.10
7.50  4.02
7.52  4.02
7.53  4.03
7.55  3.94
7.57  4.02
7.58  4.02
7.60  4.01
7.62  3.89
7.63  3.40
7.65  3.04
7.67  3.11
7.68  3.05
7.70  3.09
7.72  3.05
7.73  2.95
7.75  2.72
7.77  2.68
7.78  2.55
7.80  2.51
7.82  2.55
7.83  2.56
7.85  2.57
7.87  2.61
7.88  2.67
7.90  2.82
7.92  2.88
7.93  2.85
7.95  2.84
7.97  2.74
7.98  2.65
8.00  2.63
8.02  2.66
8.03  2.62
8.05  2.45
8.07  2.40
8.08  2.55
8.10  2.68
8.12  2.53
8.13  2.44
8.15  2.27
8.17  2.15
8.18  2.08
8.20  2.11
8.22  2.12
8.23  2.17
8.25  2.20
8.27  2.19
8.28  2.18
8.30  2.17
8.32  2.22
8.33  2.31
8.35  2.37
8.37  2.43
8.38  2.53
8.40  2.70
8.42  2.68
8.43  2.73
8.45  2.71
8.47  2.71
8.48  2.64
8.50  2.54
8.52  2.49
8.53  2.46
8.55  2.40
8.57  2.45
8.58  2.55
8.60  2.61
8.62  2.67
8.63  2.69
8.65  2.72
8.67  2.69
8.68  2.70
8.70  2.76
8.72  2.75
8.73  2.82
8.75  2.87
8.77  2.88
8.78  2.84
8.80  2.75
8.82  2.78
8.83  2.77
8.85  2.77
8.87  2.75
8.88  2.70
8.90  2.69
8.92  2.61
8.93  2.53
8.95  2.58
8.97  2.67
8.98  2.72
9.00  2.74
9.02  2.84
9.03  2.79
9.05  2.76
9.07  2.80
9.08  2.82
9.10  2.82
9.12  2.76
9.13  2.68
9.15  2.67
9.17  2.65
9.18  2.63
9.20  2.57
9.22  2.63
9.23  2.68
9.25  2.63
9.27  2.62
9.28  2.52
9.30  2.41
9.32  2.39
9.33  2.35
9.35  2.34
9.37  2.40
9.38  2.35
9.40  2.31
9.42  2.33
9.43  2.37
9.45  2.47
9.47  2.54
9.48  2.61
9.50  2.59
9.52  2.42
9.53  2.36
9.55  2.27
9.57  2.28
9.58  2.36
9.60  2.37
9.62  2.31
9.63  2.29
9.65  2.22
9.67  2.11
9.68  2.02
9.70  1.99
9.72  1.99
9.73  2.14
9.75  2.18
9.77  2.18
9.78  2.23
9.80  2.29
9.82  2.28
9.83  2.29
9.85  2.27
9.87  2.30
9.88  2.27
9.90  2.22
9.92  2.15
9.93  2.04
9.95  1.95
9.97  1.85
9.98  1.78
10.00  1.77
10.02  1.83
10.03  1.89
10.05  1.96
10.07  2.09
10.08  2.12
10.10  2.17
10.12  2.30
10.13  2.33
10.15  2.30
10.17  2.42
10.18  2.47
10.20  2.49
10.22  2.50
10.23  2.50
10.25  2.60
10.27  2.67
10.28  2.69
10.30  2.73
10.32  2.70
10.33  2.63
10.35  2.59
10.37  2.55
10.38  2.52
10.40  2.47
10.42  2.51
10.43  2.60
10.45  2.45
10.47  2.23
10.48  2.15
10.50  2.08
10.52  2.01
10.53  1.87
10.55  1.76
10.57  1.66
10.58  1.64
10.60  1.71
10.62  1.86
10.63  1.91
10.65  1.93
10.67  1.97
10.68  1.96
10.70  1.98
10.72  1.96
10.73  1.92
10.75  2.01
10.77  2.11
10.78  2.15
10.80  2.19
10.82  2.21
10.83  2.20
10.85  2.24
10.87  2.29
10.88  2.34
10.90  2.39
10.92  2.46
10.93  2.46
10.95  2.45
10.97  2.45
10.98  2.46
11.00  2.48
11.02  2.49
11.03  2.52
11.05  2.51
11.07  2.48
11.08  2.41
11.10  2.41
11.12  2.41
11.13  2.35
11.15  2.38
11.17  2.34
11.18  2.25
11.20  2.20
11.22  2.18
11.23  2.21
11.25  2.17
11.27  2.13
11.28  2.17
11.30  2.14
11.32  2.10
11.33  2.11
11.35  2.11
11.37  2.07
11.38  2.01
11.40  1.95
11.42  1.95
11.43  1.96
11.45  1.95
11.47  1.86
11.48  1.85
11.50  1.95
11.52  1.96
11.53  1.96
11.55  1.94
11.57  1.91
11.58  1.93
11.60  1.94
11.62  1.99
11.63  1.84
11.65  1.77
11.67  1.85
11.68  1.91
11.70  1.92
11.72  1.93
11.73  1.88
11.75  1.90
11.77  1.94
11.78  1.93
11.80  1.94
11.82  1.87
11.83  1.94
11.85  2.05
11.87  2.03
11.88  1.91
11.90  1.82
11.92  1.69
11.93  1.61
11.95  1.53
11.97  1.59
11.98  1.73
12.00  1.82
12.02  1.95
12.03  2.11
12.05  2.16
12.07  2.12
12.08  2.06
12.10  2.05
12.12  1.98
12.13  2.03
12.15  2.06
12.17  2.10
12.18  2.07
12.20  2.03
12.22  1.95
12.23  1.87
12.25  1.79
12.27  1.70
12.28  1.81
12.30  1.83
12.32  1.82
12.33  1.83
12.35  1.92
12.37  1.96
12.38  1.96
12.40  1.98
12.42  1.94
12.43  1.94
12.45  1.98
12.47  2.04
12.48  2.07
12.50  2.15
12.52  2.16
12.53  2.20
12.55  2.16
12.57  2.15
12.58  2.19
12.60  2.20
12.62  2.17
12.63  2.15
12.65  2.15
12.67  2.13
12.68  2.10
12.70  2.12
12.72  2.13
12.73  2.20
12.75  2.23
12.77  2.18
12.78  2.15
12.80  2.08
12.82  2.01
12.83  1.90
12.85  1.80
12.87  1.78
12.88  1.84
12.90  1.89
12.92  1.92
12.93  1.93
12.95  1.95
12.97  2.00
12.98  2.04
13.00  2.01
13.02  2.05
13.03  2.06
13.05  1.98
13.07  1.91
13.08  1.95
13.10  1.94
13.12  2.04
13.13  2.13
13.15  2.16
13.17  2.11
13.18  2.00
13.20  1.96
13.22  1.93
13.23  1.88
13.25  1.82
13.27  1.78
13.28  1.77
13.30  1.75
13.32  1.67
13.33  1.68
13.35  1.74
13.37  1.81
13.38  1.86
13.40  1.74
13.42  1.61
13.43  1.57
13.45  1.59
13.47  1.62
13.48  1.65
13.50  1.70
13.52  1.68
13.53  1.63
13.55  1.65
13.57  1.64
13.58  1.67
13.60  1.74
13.62  1.95
13.63  2.03
13.65  1.99
13.67  1.94
13.68  1.94
13.70  2.02
13.72  1.99
13.73  1.94
13.75  1.89
13.77  1.86
13.78  1.90
13.80  1.93
13.82  1.85
13.83  1.80
13.85  1.80
13.87  1.69
13.88  1.64
13.90  1.64
13.92  1.67
13.93  1.67
13.95  1.75
13.97  1.89
13.98  1.96
14.00  1.98
14.02  1.96
14.03  2.00
14.05  2.08
14.07  2.08
14.08  1.99
14.10  1.93
14.12  1.87
14.13  1.82
14.15  1.84
14.17  1.93
14.18  2.01
14.20  2.06
14.22  2.07
14.23  2.04
14.25  2.05
14.27  2.06
14.28  2.02
14.30  1.91
14.32  1.81
14.33  1.72
14.35  1.68
14.37  1.66
14.38  1.69
14.40  1.63
14.42  1.62
14.43  1.66
14.45  1.72
14.47  1.72
14.48  1.69
14.50  1.62
14.52  1.61
14.53  1.66
14.55  1.71
14.57  1.84
14.58  1.93
14.60  1.99
14.62  2.01
14.63  2.03
14.65  2.07
14.67  2.12
14.68  2.11
14.70  2.10
14.72  2.04
14.73  1.97
14.75  1.94
14.77  1.91
14.78  1.86
14.80  1.83
14.82  1.82
14.83  1.82
14.85  1.87
14.87  1.89
14.88  1.91
14.90  1.94
14.92  1.93
14.93  1.92
14.95  1.87
14.97  1.84
14.98  1.78
15.00  1.67
15.02  1.59
15.03  1.57
15.05  1.62
15.07  1.67
15.08  1.63
15.10  1.59
15.12  1.54
15.13  1.51
15.15  1.46
15.17  1.39
15.18  1.34
15.20  1.34
15.22  1.33
15.23  1.31
15.25  1.28
15.27  1.24
15.28  1.23
15.30  1.22
15.32  1.23
15.33  1.29
15.35  1.34
15.37  1.35
15.38  1.33
15.40  1.33
15.42  1.42
15.43  1.46
15.45  1.38
15.47  1.29
15.48  1.29
15.50  1.29
15.52  1.25
15.53  1.23
15.55  1.15
15.57  1.21
15.58  1.21
15.60  1.22
15.62  1.21
15.63  1.20
15.65  1.19
15.67  1.18
15.68  1.18
15.70  1.18
15.72  1.15
15.73  1.19
15.75  1.21
15.77  1.21
15.78  1.20
15.80  1.19
15.82  1.21
15.83  1.20
15.85  1.22
15.87  1.28
15.88  1.30
15.90  1.32
15.92  1.31
15.93  1.30
15.95  1.29
15.97  1.34
15.98  1.40
16.00  1.40
16.02  1.32
16.03  1.23
16.05  1.23
16.07  1.23
16.08  1.22
16.10  1.26
16.12  1.22
16.13  1.27
16.15  1.30
16.17  1.28
16.18  1.28
16.20  1.26
16.22  1.32
16.23  1.39
16.25  1.49
16.27  1.55
16.28  1.60
16.30  1.62
16.32  1.65
16.33  1.70
16.35  1.68
16.37  1.63
16.38  1.61
16.40  1.59
16.42  1.55
16.43  1.51
16.45  1.50
16.47  1.57
16.48  1.62
16.50  1.66
16.52  1.66
16.53  1.61
16.55  1.54
16.57  1.49
16.58  1.41
16.60  1.35
16.62  1.33
16.63  1.28
16.65  1.26
16.67  1.22
16.68  1.20
16.70  1.18
16.72  1.19
16.73  1.18
16.75  1.17
16.77  1.13
16.78  1.09
16.80  1.05
16.82  1.04
16.83  1.01
16.85  0.97
16.87  0.96
16.88  0.95
16.90  0.94
16.92  0.93
16.93  0.91
16.95  0.91
16.97  0.91
16.98  0.91
17.00  0.90
17.02  0.90
17.03  0.91
17.05  0.91
17.07  0.90
17.08  0.90
17.10  0.89
17.12  0.89
17.13  0.88
17.15  0.88
17.17  0.88
17.18  0.87
17.20  0.87
17.22  0.86
17.23  0.86
17.25  0.86
17.27  0.85
17.28  0.85
17.30  0.84
17.32  0.84
17.33  0.83
17.35  0.83
17.37  0.82
17.38  0.81
17.40  0.80
17.42  0.80
17.43  0.80
17.45  0.79
17.47  0.79
17.48  0.78
17.50  0.78
17.52  0.77
17.53  0.76
17.55  0.76
17.57  0.75
17.58  0.75
17.60  0.74
17.62  0.73
17.63  0.72
17.65  0.72
17.67  0.71
17.68  0.70
17.70  0.69
17.72  0.69
17.73  0.68
17.75  0.67
17.77  0.67
17.78  0.66
17.80  0.65
17.82  0.64
17.83  0.63
17.85  0.62
17.87  0.62
17.88  0.61
17.90  0.60
17.92  0.59
17.93  0.58
17.95  0.57
17.97  0.56
17.98  0.55
18.00  0.55
18.02  0.54
18.03  0.53
18.05  0.52
18.07  0.52
18.08  0.51
18.10  0.50
18.12  0.49
18.13  0.47
18.15  0.46
18.17  0.44
18.18  0.42
18.20  0.40
18.22  0.38
18.23  0.36
18.25  0.34
18.27  0.32
18.28  0.30
18.30  0.28
18.32  0.27
18.33  0.25
18.35  0.24
18.37  0.22
18.38  0.21
18.40  0.19
18.42  0.18
18.43  0.16
18.45  0.14
18.47  0.13
18.48  0.12
18.50  0.11
18.52  0.09
18.53  0.08
18.55  0.07
18.57  0.07
18.58  0.06
18.60  0.05
18.62  0.04
18.63  0.04
18.65  0.03
18.67  0.02
18.68  0.02
18.70  0.02
18.72  0.01
18.73  0.01
18.75  0.00
18.77  0.00
18.78  0.00
18.80  0.00
18.82  0.00
18.83  0.00
18.85  0.00
18.87  0.00
18.88  0.00
18.90  0.00
18.92  0.00
18.93  0.00
18.95  0.00
18.97  0.00
18.98  0.00
19.00  0.00
19.00  0.00
19.02  0.00
19.03  0.00
19.05  0.00
19.07  0.00
19.08  0.00
19.10  0.00
19.12  0.00
19.13  0.00
19.15  0.00
19.17  0.00
19.18  0.00
19.20  0.00
19.22  0.00
19.23  0.00
19.25  0.00
19.27  0.00
19.28  0.00
19.30  0.00
19.32  0.00
19.33  0.00
19.35  0.00
19.37  0.00
19.38  0.00
19.40  0.00
19.42  0.00
19.43  0.00
19.45  0.00
19.47  0.00
19.48  0.00
19.50  0.00
19.52  0.00
19.53  0.00
19.55  0.00
19.57  0.00
19.58  0.00
19.60  0.00
19.62  0.00
19.63  0.00
19.65  0.00
19.67  0.00
19.68  0.00
19.70  0.00
19.72  0.00
19.73  0.00
19.75  0.00
19.77  0.00
19.78  0.00
19.80  0.00
19.82  0.00
19.83  0.00
19.85  0.00
19.87  0.00
19.88  0.00
19.90  0.00
19.92  0.00
19.93  0.00
19.95  0.00
19.97  0.00
19.98  0.00
20.00  0.00
20.02  0.00
20.03  0.00
20.05  0.00
20.07  0.00
20.08  0.00
20.10  0.00
20.12  0.00
20.13  0.00
20.15  0.00
20.17  0.00
20.18  0.00
20.20  0.00
20.22  0.00
20.23  0.00
20.25  0.00
20.27  0.00
20.28  0.00
20.30  0.00
20.32  0.00
20.33  0.00
20.35  0.00
20.37  0.00
20.38  0.00
20.40  0.00
20.42  0.00
20.43  0.00
20.45  0.00
20.47  0.00
20.48  0.00
20.50  0.00
20.52  0.00
20.53  0.00
20.55  0.00
20.57  0.00
20.58  0.00
20.60  0.00
20.62  0.00
20.63  0.00
20.65  0.00
20.67  0.00
20.68  0.00
20.70  0.00
20.72  0.00
20.73  0.00
20.75  0.00
20.77  0.00
20.78  0.00
20.80  0.00
20.82  0.00
20.83  0.00
20.85  0.00
20.87  0.00
20.88  0.00
20.90  0.00
20.92  0.00
20.93  0.00
20.95  0.00
20.97  0.00
20.98  0.00
21.00  0.00
21.02  0.00
21.03  0.00
21.05  0.00
21.07  0.00
21.08  0.00
21.10  0.00
21.12  0.00
21.13  0.00
21.15  0.00
21.17  0.00
21.18  0.00
21.20  0.00
21.22  0.00
21.23  0.00
21.25  0.00
21.27  0.00
21.28  0.00
21.30  0.00
21.32  0.00
21.33  0.00
21.35  0.00
21.37  0.00
21.38  0.00
21.40  0.00
21.42  0.00
21.43  0.00
21.45  0.00
21.47  0.00
21.48  0.00
21.50  0.00
21.52  0.00
21.53  0.00
21.55  0.00
21.57  0.00
21.58  0.00
21.60  0.00
21.62  0.00
21.63  0.00
21.65  0.00
21.67  0.00
21.68  0.00
21.70  0.00
21.72  0.00
21.73  0.00
21.75  0.00
21.77  0.00
21.78  0.00
21.80  0.00
21.82  0.00
21.83  0.00
21.85  0.00
21.87  0.00
21.88  0.00
21.90  0.00
21.92  0.00
21.93  0.00
21.95  0.00
21.97  0.00
21.98  0.00
22.00  0.00
22.02  0.00
22.03  0.00
22.05  0.00
22.07  0.00
22.08  0.00
22.10  0.00
22.12  0.00
22.13  0.00
22.15  0.00
22.17  0.00
22.18  0.00
22.20  0.00
22.22  0.00
22.23  0.00
22.25  0.00
22.27  0.00
22.28  0.00
22.30  0.00
22.32  0.00
22.33  0.00
22.35  0.00
22.37  0.00
22.38  0.00
22.40  0.00
22.42  0.00
22.43  0.00
22.45  0.00
22.47  0.00
22.48  0.00
22.50  0.00
22.52  0.00
22.53  0.00
22.55  0.00
22.57  0.00
22.58  0.00
22.60  0.00
22.62  0.00
22.63  0.00
22.65  0.00
22.67  0.00
22.68  0.00
22.70  0.00
22.72  0.00
22.73  0.00
22.75  0.00
22.77  0.00
22.78  0.00
22.80  0.00
22.82  0.00
22.83  0.00
22.85  0.00
22.87  0.00
22.88  0.00
22.90  0.00
22.92  0.00
22.93  0.00
22.95  0.00
22.97  0.00
22.98  0.00
23.00  0.00
23.02  0.00
23.03  0.00
23.05  0.00
23.07  0.00
23.08  0.00
23.10  0.00
23.12  0.00
23.13  0.00
23.15  0.00
23.17  0.00
23.18  0.00
23.20  0.00
23.22  0.00
23.23  0.00
23.25  0.00
23.27  0.00
23.28  0.00
23.30  0.00
23.32  0.00
23.33  0.00
23.35  0.00
23.37  0.00
23.38  0.00
23.40  0.00
23.42  0.00
23.43  0.00
23.45  0.00
23.47  0.00
23.48  0.00
23.50  0.00
23.52  0.00
23.53  0.00
23.55  0.00
23.57  0.00
23.58  0.00
23.60  0.00
23.62  0.00
23.63  0.00
23.65  0.00
23.67  0.00
23.68  0.00
23.70  0.00
23.72  0.00
23.73  0.00
23.75  0.00
23.77  0.00
23.78  0.00
23.80  0.00
23.82  0.00
23.83  0.00
23.85  0.00
23.87  0.00
23.88  0.00
23.90  0.00
23.92  0.00
23.93  0.00
23.95  0.00
23.97  0.00
23.98  0.00

