genericdec
-3.60   40.15
12   5   2015
0.00  0.00
0.02  0.00
0.03  0.00
0.05  0.00
0.07  0.00
0.08  0.00
0.10  0.00
0.12  0.00
0.13  0.00
0.15  0.00
0.17  0.00
0.18  0.00
0.20  0.00
0.22  0.00
0.23  0.00
0.25  0.00
0.27  0.00
0.28  0.00
0.30  0.00
0.32  0.00
0.33  0.00
0.35  0.00
0.37  0.00
0.38  0.00
0.40  0.00
0.42  0.00
0.43  0.00
0.45  0.00
0.47  0.00
0.48  0.00
0.50  0.00
0.52  0.00
0.53  0.00
0.55  0.00
0.57  0.00
0.58  0.00
0.60  0.00
0.62  0.00
0.63  0.00
0.65  0.00
0.67  0.00
0.68  0.00
0.70  0.00
0.72  0.00
0.73  0.00
0.75  0.00
0.77  0.00
0.78  0.00
0.80  0.00
0.82  0.00
0.83  0.00
0.85  0.00
0.87  0.00
0.88  0.00
0.90  0.00
0.92  0.00
0.93  0.00
0.95  0.00
0.97  0.00
0.98  0.00
1.00  0.00
1.02  0.00
1.03  0.00
1.05  0.00
1.07  0.00
1.08  0.00
1.10  0.00
1.12  0.00
1.13  0.00
1.15  0.00
1.17  0.00
1.18  0.00
1.20  0.00
1.22  0.00
1.23  0.00
1.25  0.00
1.27  0.00
1.28  0.00
1.30  0.00
1.32  0.00
1.33  0.00
1.35  0.00
1.37  0.00
1.38  0.00
1.40  0.00
1.42  0.00
1.43  0.00
1.45  0.00
1.47  0.00
1.48  0.00
1.50  0.00
1.52  0.00
1.53  0.00
1.55  0.00
1.57  0.00
1.58  0.00
1.60  0.00
1.62  0.00
1.63  0.00
1.65  0.00
1.67  0.00
1.68  0.00
1.70  0.00
1.72  0.00
1.73  0.00
1.75  0.00
1.77  0.00
1.78  0.00
1.80  0.00
1.82  0.00
1.83  0.00
1.85  0.00
1.87  0.00
1.88  0.00
1.90  0.00
1.92  0.00
1.93  0.00
1.95  0.00
1.97  0.00
1.98  0.00
2.00  0.00
2.02  0.00
2.03  0.00
2.05  0.00
2.07  0.00
2.08  0.00
2.10  0.00
2.12  0.00
2.13  0.00
2.15  0.00
2.17  0.00
2.18  0.00
2.20  0.00
2.22  0.00
2.23  0.00
2.25  0.00
2.27  0.00
2.28  0.00
2.30  0.00
2.32  0.00
2.33  0.00
2.35  0.00
2.37  0.00
2.38  0.00
2.40  0.00
2.42  0.00
2.43  0.00
2.45  0.00
2.47  0.00
2.48  0.00
2.50  0.00
2.52  0.00
2.53  0.00
2.55  0.00
2.57  0.00
2.58  0.00
2.60  0.00
2.62  0.00
2.63  0.00
2.65  0.00
2.67  0.00
2.68  0.00
2.70  0.00
2.72  0.00
2.73  0.00
2.75  0.00
2.77  0.00
2.78  0.00
2.80  0.00
2.82  0.00
2.83  0.00
2.85  0.00
2.87  0.00
2.88  0.00
2.90  0.00
2.92  0.00
2.93  0.00
2.95  0.00
2.97  0.00
2.98  0.00
3.00  0.00
3.02  0.00
3.03  0.00
3.05  0.00
3.07  0.00
3.08  0.00
3.10  0.00
3.12  0.00
3.13  0.00
3.15  0.00
3.17  0.00
3.18  0.00
3.20  0.00
3.22  0.00
3.23  0.00
3.25  0.00
3.27  0.00
3.28  0.00
3.30  0.00
3.32  0.00
3.33  0.00
3.35  0.00
3.37  0.00
3.38  0.00
3.40  0.00
3.42  0.00
3.43  0.00
3.45  0.00
3.47  0.00
3.48  0.00
3.50  0.00
3.52  0.00
3.53  0.00
3.55  0.00
3.57  0.00
3.58  0.00
3.60  0.00
3.62  0.00
3.63  0.00
3.65  0.00
3.67  0.00
3.68  0.00
3.70  0.00
3.72  0.00
3.73  0.00
3.75  0.00
3.77  0.00
3.78  0.00
3.80  0.00
3.82  0.00
3.83  0.00
3.85  0.00
3.87  0.00
3.88  0.00
3.90  0.00
3.92  0.00
3.93  0.00
3.95  0.00
3.97  0.00
3.98  0.00
4.00  0.00
4.02  0.00
4.03  0.00
4.05  0.00
4.07  0.00
4.08  0.00
4.10  0.00
4.12  0.00
4.13  0.00
4.15  0.00
4.17  0.00
4.18  0.00
4.20  0.00
4.22  0.00
4.23  0.00
4.25  0.00
4.27  0.00
4.28  0.00
4.30  0.00
4.32  0.00
4.33  0.00
4.35  0.00
4.37  0.00
4.38  0.00
4.40  0.00
4.42  0.00
4.43  0.00
4.45  0.00
4.47  0.01
4.48  0.01
4.50  0.01
4.52  0.02
4.53  0.03
4.55  0.04
4.57  0.05
4.58  0.06
4.60  0.07
4.62  0.09
4.63  0.10
4.65  0.13
4.67  0.15
4.68  0.18
4.70  0.21
4.72  0.25
4.73  0.29
4.75  0.33
4.77  0.37
4.78  0.41
4.80  0.46
4.82  0.51
4.83  0.56
4.85  0.62
4.87  0.67
4.88  0.72
4.90  0.77
4.92  0.83
4.93  0.88
4.95  0.94
4.97  0.99
4.98  1.05
5.00  1.11
5.02  1.17
5.03  1.23
5.05  1.29
5.07  1.36
5.08  1.44
5.10  1.55
5.12  1.66
5.13  1.76
5.15  1.86
5.17  1.96
5.18  2.06
5.20  2.16
5.22  2.26
5.23  2.35
5.25  2.44
5.27  2.52
5.28  2.59
5.30  2.67
5.32  2.74
5.33  2.80
5.35  2.85
5.37  2.91
5.38  2.95
5.40  3.00
5.42  3.05
5.43  3.09
5.45  3.13
5.47  3.16
5.48  3.20
5.50  3.23
5.52  3.27
5.53  3.30
5.55  3.32
5.57  3.35
5.58  3.37
5.60  3.40
5.62  3.42
5.63  3.44
5.65  3.46
5.67  3.48
5.68  3.50
5.70  3.52
5.72  3.54
5.73  3.55
5.75  3.57
5.77  3.58
5.78  3.59
5.80  3.61
5.82  3.63
5.83  3.64
5.85  3.65
5.87  3.66
5.88  3.68
5.90  3.69
5.92  3.70
5.93  3.70
5.95  3.71
5.97  3.72
5.98  3.73
6.00  3.74
6.02  3.75
6.03  3.76
6.05  3.77
6.07  3.78
6.08  3.79
6.10  3.79
6.12  3.80
6.13  3.81
6.15  3.82
6.17  3.82
6.18  3.83
6.20  3.84
6.22  3.85
6.23  3.85
6.25  3.86
6.27  3.87
6.28  3.87
6.30  3.88
6.32  3.89
6.33  3.89
6.35  3.89
6.37  3.90
6.38  3.90
6.40  3.91
6.42  3.91
6.43  3.92
6.45  3.92
6.47  3.93
6.48  3.93
6.50  3.94
6.52  3.94
6.53  3.95
6.55  3.95
6.57  3.95
6.58  3.96
6.60  3.96
6.62  3.97
6.63  3.97
6.65  3.98
6.67  3.98
6.68  3.99
6.70  3.99
6.72  3.99
6.73  3.99
6.75  4.00
6.77  4.00
6.78  4.00
6.80  4.00
6.82  4.01
6.83  4.02
6.85  4.02
6.87  4.02
6.88  4.03
6.90  4.03
6.92  4.03
6.93  4.03
6.95  4.03
6.97  4.03
6.98  4.04
7.00  4.04
7.02  4.04
7.03  4.04
7.05  4.04
7.07  4.04
7.08  4.05
7.10  4.05
7.12  4.05
7.13  4.05
7.15  4.06
7.17  4.06
7.18  4.07
7.20  4.07
7.22  4.07
7.23  4.07
7.25  4.07
7.27  4.07
7.28  4.08
7.30  4.08
7.32  4.08
7.33  4.08
7.35  4.08
7.37  4.09
7.38  4.09
7.40  4.09
7.42  4.09
7.43  4.10
7.45  4.10
7.47  4.10
7.48  4.10
7.50  4.11
7.52  4.11
7.53  4.11
7.55  4.11
7.57  4.11
7.58  4.11
7.60  4.11
7.62  4.12
7.63  4.12
7.65  4.12
7.67  4.13
7.68  4.12
7.70  4.12
7.72  4.13
7.73  4.13
7.75  4.13
7.77  4.13
7.78  4.13
7.80  4.13
7.82  4.14
7.83  4.13
7.85  4.14
7.87  4.14
7.88  4.14
7.90  4.14
7.92  4.14
7.93  4.14
7.95  4.15
7.97  4.14
7.98  4.14
8.00  4.15
8.02  4.15
8.03  4.15
8.05  4.15
8.07  4.15
8.08  4.16
8.10  4.16
8.12  4.16
8.13  4.16
8.15  4.16
8.17  4.16
8.18  4.16
8.20  4.16
8.22  4.17
8.23  4.17
8.25  4.17
8.27  4.17
8.28  4.17
8.30  4.17
8.32  4.17
8.33  4.18
8.35  4.18
8.37  4.17
8.38  4.18
8.40  4.18
8.42  4.18
8.43  4.18
8.45  4.18
8.47  4.18
8.48  4.19
8.50  4.18
8.52  4.19
8.53  4.19
8.55  4.19
8.57  4.19
8.58  4.19
8.60  4.19
8.62  4.19
8.63  4.19
8.65  4.19
8.67  4.19
8.68  4.20
8.70  4.19
8.72  4.20
8.73  4.19
8.75  4.20
8.77  4.19
8.78  4.20
8.80  4.20
8.82  4.20
8.83  4.20
8.85  4.20
8.87  4.20
8.88  4.20
8.90  4.21
8.92  4.21
8.93  4.21
8.95  4.21
8.97  4.21
8.98  4.21
9.00  4.21
9.02  4.21
9.03  4.22
9.05  4.22
9.07  4.22
9.08  4.22
9.10  4.22
9.12  4.22
9.13  4.22
9.15  4.22
9.17  4.22
9.18  4.22
9.20  4.22
9.22  4.22
9.23  4.22
9.25  4.22
9.27  4.23
9.28  4.23
9.30  4.23
9.32  4.22
9.33  4.23
9.35  4.23
9.37  4.23
9.38  4.23
9.40  4.23
9.42  4.23
9.43  4.23
9.45  4.23
9.47  4.24
9.48  4.23
9.50  4.24
9.52  4.23
9.53  4.24
9.55  4.24
9.57  4.24
9.58  4.24
9.60  4.24
9.62  4.24
9.63  4.24
9.65  4.24
9.67  4.24
9.68  4.24
9.70  4.24
9.72  4.24
9.73  4.24
9.75  4.24
9.77  4.24
9.78  4.24
9.80  4.24
9.82  4.24
9.83  4.24
9.85  4.24
9.87  4.24
9.88  4.24
9.90  4.24
9.92  4.24
9.93  4.24
9.95  4.25
9.97  4.25
9.98  4.24
10.00  4.24
10.02  4.24
10.03  4.24
10.05  4.25
10.07  4.24
10.08  4.25
10.10  4.25
10.12  4.25
10.13  4.25
10.15  4.25
10.17  4.25
10.18  4.25
10.20  4.25
10.22  4.25
10.23  4.25
10.25  4.25
10.27  4.25
10.28  4.25
10.30  4.25
10.32  4.25
10.33  4.25
10.35  4.25
10.37  4.25
10.38  4.25
10.40  4.25
10.42  4.25
10.43  4.25
10.45  4.25
10.47  4.25
10.48  4.25
10.50  4.25
10.52  4.25
10.53  4.25
10.55  4.25
10.57  4.25
10.58  4.25
10.60  4.25
10.62  4.25
10.63  4.25
10.65  4.25
10.67  4.25
10.68  4.25
10.70  4.25
10.72  4.25
10.73  4.25
10.75  4.25
10.77  4.25
10.78  4.25
10.80  4.25
10.82  4.25
10.83  4.25
10.85  4.25
10.87  4.25
10.88  4.24
10.90  4.24
10.92  4.24
10.93  4.24
10.95  4.24
10.97  4.24
10.98  4.24
11.00  4.24
11.02  4.24
11.03  4.24
11.05  4.24
11.07  4.24
11.08  4.24
11.10  4.24
11.12  4.24
11.13  4.24
11.15  4.24
11.17  4.24
11.18  4.24
11.20  4.24
11.22  4.24
11.23  4.24
11.25  4.23
11.25  4.23
11.27  4.23
11.28  4.23
11.30  4.23
11.32  4.23
11.33  4.23
11.35  4.22
11.37  4.09
11.38  3.65
11.40  3.44
11.42  3.42
11.43  3.41
11.45  3.40
11.47  3.39
11.48  3.38
11.50  3.37
11.52  3.36
11.53  3.35
11.55  3.34
11.57  3.33
11.58  3.33
11.60  3.32
11.62  3.32
11.63  3.32
11.65  3.31
11.67  3.31
11.68  3.31
11.70  3.30
11.72  3.30
11.73  3.29
11.75  3.29
11.77  3.28
11.78  3.27
11.80  3.27
11.82  3.27
11.83  3.26
11.85  3.26
11.87  3.26
11.88  3.25
11.90  3.25
11.92  3.24
11.93  3.24
11.95  3.24
11.97  3.23
11.98  3.23
12.00  3.22
12.02  3.22
12.03  3.21
12.05  3.21
12.07  3.21
12.08  3.20
12.10  3.20
12.12  3.19
12.13  3.19
12.15  3.19
12.17  3.18
12.18  3.18
12.20  3.17
12.22  3.17
12.23  3.16
12.25  3.16
12.27  3.15
12.28  3.15
12.30  3.15
12.32  3.14
12.33  3.14
12.35  3.13
12.37  3.13
12.38  3.13
12.40  3.13
12.42  3.12
12.43  3.12
12.45  3.12
12.47  3.11
12.48  3.12
12.50  3.12
12.52  3.12
12.53  3.11
12.55  3.11
12.57  3.11
12.58  3.11
12.60  3.10
12.62  3.10
12.63  3.10
12.65  3.10
12.67  3.10
12.68  3.09
12.70  3.09
12.72  3.09
12.73  3.09
12.75  3.09
12.77  3.08
12.78  3.08
12.80  3.08
12.82  3.07
12.83  3.07
12.85  3.07
12.87  3.07
12.88  3.06
12.90  3.06
12.92  3.06
12.93  3.06
12.95  3.06
12.97  3.06
12.98  3.05
13.00  3.05
13.02  3.05
13.03  3.05
13.05  3.05
13.07  3.05
13.08  3.05
13.10  3.05
13.12  3.05
13.13  3.06
13.15  3.06
13.17  3.06
13.18  3.06
13.20  3.06
13.22  3.07
13.23  3.07
13.25  3.07
13.27  3.07
13.28  3.07
13.30  3.07
13.32  3.07
13.33  3.07
13.35  3.07
13.37  3.07
13.38  3.07
13.40  3.08
13.42  3.08
13.43  3.08
13.45  3.08
13.47  3.08
13.48  3.08
13.50  3.08
13.52  3.08
13.53  3.08
13.55  3.08
13.57  3.07
13.58  3.07
13.60  3.07
13.62  3.07
13.63  3.07
13.65  3.07
13.67  3.07
13.68  3.07
13.70  3.06
13.72  3.06
13.73  3.06
13.75  3.06
13.77  3.06
13.78  3.06
13.80  3.06
13.82  3.05
13.83  3.05
13.85  3.05
13.87  3.06
13.88  3.06
13.90  3.06
13.92  3.05
13.93  3.05
13.95  3.05
13.97  3.05
13.98  3.04
14.00  3.04
14.02  3.04
14.03  3.04
14.05  3.04
14.07  3.04
14.08  3.04
14.10  3.03
14.12  3.03
14.13  3.03
14.15  3.02
14.17  3.02
14.18  3.02
14.20  3.02
14.22  3.01
14.23  3.01
14.25  3.01
14.27  3.01
14.28  3.00
14.30  3.00
14.32  3.00
14.33  3.00
14.35  3.00
14.37  2.99
14.38  2.99
14.40  2.99
14.42  2.99
14.43  2.99
14.45  2.99
14.47  2.99
14.48  2.98
14.50  2.98
14.52  2.98
14.53  2.98
14.55  2.98
14.57  2.98
14.58  2.98
14.60  2.98
14.62  2.98
14.63  2.97
14.65  2.97
14.67  2.97
14.68  2.97
14.70  2.97
14.72  2.97
14.73  2.97
14.75  2.97
14.77  2.97
14.78  2.96
14.80  2.96
14.82  2.96
14.83  2.96
14.85  2.96
14.87  2.95
14.88  2.95
14.90  2.95
14.92  2.95
14.93  2.95
14.95  2.95
14.97  2.95
14.98  2.95
15.00  2.94
15.02  2.94
15.03  2.94
15.05  2.94
15.07  2.94
15.08  2.94
15.10  2.94
15.12  2.93
15.13  2.93
15.15  2.93
15.17  2.93
15.18  2.93
15.20  2.93
15.22  2.92
15.23  2.92
15.25  2.92
15.27  2.92
15.28  2.92
15.30  2.92
15.32  2.92
15.33  2.91
15.35  2.91
15.37  2.91
15.38  2.91
15.40  2.91
15.42  2.91
15.43  2.91
15.45  2.90
15.47  2.90
15.48  2.90
15.50  2.90
15.52  2.90
15.53  2.90
15.55  2.89
15.57  2.89
15.58  2.89
15.60  2.89
15.62  2.89
15.63  2.88
15.65  2.88
15.67  2.88
15.68  2.88
15.70  2.88
15.72  2.88
15.73  2.88
15.75  2.88
15.77  2.87
15.78  2.87
15.80  2.87
15.82  2.87
15.83  2.87
15.85  2.87
15.87  2.86
15.88  2.86
15.90  2.86
15.92  2.85
15.93  2.85
15.95  2.85
15.97  2.85
15.98  2.85
16.00  2.84
16.02  2.84
16.03  2.84
16.05  2.84
16.07  2.83
16.08  2.83
16.10  2.83
16.12  2.83
16.13  2.83
16.15  2.83
16.17  2.82
16.18  2.82
16.20  2.82
16.22  2.82
16.23  2.81
16.25  2.81
16.27  2.81
16.28  2.81
16.30  2.81
16.32  2.80
16.33  2.80
16.35  2.80
16.37  2.80
16.38  2.80
16.40  2.80
16.42  2.79
16.43  2.79
16.45  2.79
16.47  2.79
16.48  2.79
16.50  2.79
16.52  2.78
16.53  2.78
16.55  2.78
16.57  2.78
16.58  2.77
16.60  2.77
16.62  2.77
16.63  2.77
16.65  2.76
16.67  2.76
16.68  2.76
16.70  2.76
16.72  2.75
16.73  2.75
16.75  2.75
16.77  2.75
16.78  2.74
16.80  2.74
16.82  2.74
16.83  2.73
16.85  2.73
16.87  2.73
16.88  2.73
16.90  2.72
16.92  2.72
16.93  2.72
16.95  2.72
16.97  2.71
16.98  2.71
17.00  2.71
17.02  2.71
17.03  2.70
17.05  2.70
17.07  2.70
17.08  2.69
17.10  2.69
17.12  2.68
17.13  2.68
17.15  2.68
17.17  2.67
17.18  2.67
17.20  2.67
17.22  2.66
17.23  2.66
17.25  2.65
17.27  2.65
17.28  2.65
17.30  2.64
17.32  2.64
17.33  2.64
17.35  2.63
17.37  2.63
17.38  2.63
17.40  2.62
17.42  2.62
17.43  2.61
17.45  2.61
17.47  2.60
17.48  2.60
17.50  2.59
17.52  2.59
17.53  2.58
17.55  2.58
17.57  2.57
17.58  2.56
17.60  2.56
17.62  2.55
17.63  2.54
17.65  2.54
17.67  2.53
17.68  2.52
17.70  2.52
17.72  2.51
17.73  2.50
17.75  2.50
17.77  2.49
17.78  2.48
17.80  2.47
17.82  2.47
17.83  2.46
17.85  2.45
17.87  2.45
17.88  2.44
17.90  2.43
17.92  2.43
17.93  2.42
17.95  2.41
17.97  2.41
17.98  2.40
18.00  2.39
18.02  2.38
18.03  2.37
18.05  2.36
18.07  2.35
18.08  2.34
18.10  2.33
18.12  2.32
18.13  2.31
18.15  2.30
18.17  2.29
18.18  2.28
18.20  2.26
18.22  2.25
18.23  2.24
18.25  2.23
18.27  2.21
18.28  2.20
18.30  2.19
18.32  2.18
18.33  2.16
18.35  2.15
18.37  2.13
18.38  2.12
18.40  2.10
18.42  2.08
18.43  2.07
18.45  2.05
18.47  2.03
18.48  2.01
18.50  2.00
18.52  1.98
18.53  1.96
18.55  1.94
18.57  1.92
18.58  1.90
18.60  1.87
18.62  1.85
18.63  1.82
18.65  1.80
18.67  1.78
18.68  1.75
18.70  1.73
18.72  1.70
18.73  1.67
18.75  1.64
18.77  1.61
18.78  1.59
18.80  1.56
18.82  1.53
18.83  1.49
18.85  1.46
18.87  1.43
18.88  1.40
18.90  1.36
18.92  1.33
18.93  1.29
18.95  1.26
18.97  1.22
18.98  1.18
19.00  1.15
19.02  1.11
19.03  1.07
19.05  1.03
19.07  0.99
19.08  0.95
19.10  0.91
19.12  0.86
19.13  0.81
19.15  0.76
19.17  0.71
19.18  0.66
19.20  0.62
19.22  0.58
19.23  0.54
19.25  0.50
19.27  0.46
19.28  0.43
19.30  0.39
19.32  0.36
19.33  0.33
19.35  0.29
19.37  0.26
19.38  0.24
19.40  0.21
19.42  0.19
19.43  0.16
19.45  0.14
19.47  0.12
19.48  0.11
19.50  0.09
19.52  0.07
19.53  0.06
19.55  0.04
19.57  0.04
19.58  0.03
19.60  0.02
19.62  0.01
19.63  0.01
19.65  0.01
19.67  0.00
19.68  0.00
19.70  0.00
19.72  0.00
19.73  0.00
19.75  0.00
19.77  0.00
19.78  0.00
19.80  0.00
19.82  0.00
19.83  0.00
19.85  0.00
19.87  0.00
19.88  0.00
19.90  0.00
19.92  0.00
19.93  0.00
19.95  0.00
19.97  0.00
19.98  0.00
20.00  0.00
20.02  0.00
20.03  0.00
20.05  0.00
20.07  0.00
20.08  0.00
20.10  0.00
20.12  0.00
20.13  0.00
20.15  0.00
20.17  0.00
20.18  0.00
20.20  0.00
20.22  0.00
20.23  0.00
20.25  0.00
20.27  0.00
20.28  0.00
20.30  0.00
20.32  0.00
20.33  0.00
20.35  0.00
20.37  0.00
20.38  0.00
20.40  0.00
20.42  0.00
20.43  0.00
20.45  0.00
20.47  0.00
20.48  0.00
20.50  0.00
20.52  0.00
20.53  0.00
20.55  0.00
20.57  0.00
20.58  0.00
20.60  0.00
20.62  0.00
20.63  0.00
20.65  0.00
20.67  0.00
20.68  0.00
20.70  0.00
20.72  0.00
20.73  0.00
20.75  0.00
20.77  0.00
20.78  0.00
20.80  0.00
20.82  0.00
20.83  0.00
20.85  0.00
20.87  0.00
20.88  0.00
20.90  0.00
20.92  0.00
20.93  0.00
20.95  0.00
20.97  0.00
20.98  0.00
21.00  0.00
21.02  0.00
21.03  0.00
21.05  0.00
21.07  0.00
21.08  0.00
21.10  0.00
21.12  0.00
21.13  0.00
21.15  0.00
21.17  0.00
21.18  0.00
21.20  0.00
21.22  0.00
21.23  0.00
21.25  0.00
21.27  0.00
21.28  0.00
21.30  0.00
21.32  0.00
21.33  0.00
21.35  0.00
21.37  0.00
21.38  0.00
21.40  0.00
21.42  0.00
21.43  0.00
21.45  0.00
21.47  0.00
21.48  0.00
21.50  0.00
21.52  0.00
21.53  0.00
21.55  0.00
21.57  0.00
21.58  0.00
21.60  0.00
21.62  0.00
21.63  0.00
21.65  0.00
21.67  0.00
21.68  0.00
21.70  0.00
21.72  0.00
21.73  0.00
21.75  0.00
21.77  0.00
21.78  0.00
21.80  0.00
21.82  0.00
21.83  0.00
21.85  0.00
21.87  0.00
21.88  0.00
21.90  0.00
21.92  0.00
21.93  0.00
21.95  0.00
21.97  0.00
21.98  0.00
22.00  0.00
22.02  0.00
22.03  0.00
22.05  0.00
22.07  0.00
22.08  0.00
22.10  0.00
22.12  0.00
22.13  0.00
22.15  0.00
22.17  0.00
22.18  0.00
22.20  0.00
22.22  0.00
22.23  0.00
22.25  0.00
22.27  0.00
22.28  0.00
22.30  0.00
22.32  0.00
22.33  0.00
22.35  0.00
22.37  0.00
22.38  0.00
22.40  0.00
22.42  0.00
22.43  0.00
22.45  0.00
22.47  0.00
22.48  0.00
22.50  0.00
22.52  0.00
22.53  0.00
22.55  0.00
22.57  0.00
22.58  0.00
22.60  0.00
22.62  0.00
22.63  0.00
22.65  0.00
22.67  0.00
22.68  0.00
22.70  0.00
22.72  0.00
22.73  0.00
22.75  0.00
22.77  0.00
22.78  0.00
22.80  0.00
22.82  0.00
22.83  0.00
22.85  0.00
22.87  0.00
22.88  0.00
22.90  0.00
22.92  0.00
22.93  0.00
22.95  0.00
22.97  0.00
22.98  0.00
23.00  0.00
23.02  0.00
23.03  0.00
23.05  0.00
23.07  0.00
23.08  0.00
23.10  0.00
23.12  0.00
23.13  0.00
23.15  0.00
23.17  0.00
23.18  0.00
23.20  0.00
23.22  0.00
23.23  0.00
23.25  0.00
23.27  0.00
23.28  0.00
23.30  0.00
23.32  0.00
23.33  0.00
23.35  0.00
23.37  0.00
23.38  0.00
23.40  0.00
23.42  0.00
23.43  0.00
23.45  0.00
23.47  0.00
23.48  0.00
23.50  0.00
23.52  0.00
23.53  0.00
23.55  0.00
23.57  0.00
23.58  0.00
23.60  0.00
23.62  0.00
23.63  0.00
23.65  0.00
23.67  0.00
23.68  0.00
23.70  0.00
23.72  0.00
23.73  0.00
23.75  0.00
23.77  0.00
23.78  0.00
23.80  0.00
23.82  0.00
23.83  0.00
23.85  0.00
23.87  0.00
23.88  0.00
23.90  0.00
23.92  0.00
23.93  0.00
23.95  0.00
23.97  0.00
23.98  0.00
