genericdec
-3.60   40.15
12   6   2015
0.00  0.00
0.02  0.00
0.03  0.00
0.05  0.00
0.07  0.00
0.08  0.00
0.10  0.00
0.12  0.00
0.13  0.00
0.15  0.00
0.17  0.00
0.18  0.00
0.20  0.00
0.22  0.00
0.23  0.00
0.25  0.00
0.27  0.00
0.28  0.00
0.30  0.00
0.32  0.00
0.33  0.00
0.35  0.00
0.37  0.00
0.38  0.00
0.40  0.00
0.42  0.00
0.43  0.00
0.45  0.00
0.47  0.00
0.48  0.00
0.50  0.00
0.52  0.00
0.53  0.00
0.55  0.00
0.57  0.00
0.58  0.00
0.60  0.00
0.62  0.00
0.63  0.00
0.65  0.00
0.67  0.00
0.68  0.00
0.70  0.00
0.72  0.00
0.73  0.00
0.75  0.00
0.77  0.00
0.78  0.00
0.80  0.00
0.82  0.00
0.83  0.00
0.85  0.00
0.87  0.00
0.88  0.00
0.90  0.00
0.92  0.00
0.93  0.00
0.95  0.00
0.97  0.00
0.98  0.00
1.00  0.00
1.02  0.00
1.03  0.00
1.05  0.00
1.07  0.00
1.08  0.00
1.10  0.00
1.12  0.00
1.13  0.00
1.15  0.00
1.17  0.00
1.18  0.00
1.20  0.00
1.22  0.00
1.23  0.00
1.25  0.00
1.27  0.00
1.28  0.00
1.30  0.00
1.32  0.00
1.33  0.00
1.35  0.00
1.37  0.00
1.38  0.00
1.40  0.00
1.42  0.00
1.43  0.00
1.45  0.00
1.47  0.00
1.48  0.00
1.50  0.00
1.52  0.00
1.53  0.00
1.55  0.00
1.57  0.00
1.58  0.00
1.60  0.00
1.62  0.00
1.63  0.00
1.65  0.00
1.67  0.00
1.68  0.00
1.70  0.00
1.72  0.00
1.73  0.00
1.75  0.00
1.77  0.00
1.78  0.00
1.80  0.00
1.82  0.00
1.83  0.00
1.85  0.00
1.87  0.00
1.88  0.00
1.90  0.00
1.92  0.00
1.93  0.00
1.95  0.00
1.97  0.00
1.98  0.00
2.00  0.00
2.02  0.00
2.03  0.00
2.05  0.00
2.07  0.00
2.08  0.00
2.10  0.00
2.12  0.00
2.13  0.00
2.15  0.00
2.17  0.00
2.18  0.00
2.20  0.00
2.22  0.00
2.23  0.00
2.25  0.00
2.27  0.00
2.28  0.00
2.30  0.00
2.32  0.00
2.33  0.00
2.35  0.00
2.37  0.00
2.38  0.00
2.40  0.00
2.42  0.00
2.43  0.00
2.45  0.00
2.47  0.00
2.48  0.00
2.50  0.00
2.52  0.00
2.53  0.00
2.55  0.00
2.57  0.00
2.58  0.00
2.60  0.00
2.62  0.00
2.63  0.00
2.65  0.00
2.67  0.00
2.68  0.00
2.70  0.00
2.72  0.00
2.73  0.00
2.75  0.00
2.77  0.00
2.78  0.00
2.80  0.00
2.82  0.00
2.83  0.00
2.85  0.00
2.87  0.00
2.88  0.00
2.90  0.00
2.92  0.00
2.93  0.00
2.95  0.00
2.97  0.00
2.98  0.00
3.00  0.00
3.02  0.00
3.03  0.00
3.05  0.00
3.07  0.00
3.08  0.00
3.10  0.00
3.12  0.00
3.13  0.00
3.15  0.00
3.17  0.00
3.18  0.00
3.20  0.00
3.22  0.00
3.23  0.00
3.25  0.00
3.27  0.00
3.28  0.01
3.30  0.01
3.32  0.01
3.33  0.02
3.35  0.02
3.37  0.02
3.38  0.03
3.40  0.04
3.42  0.04
3.43  0.05
3.45  0.05
3.47  0.05
3.48  0.06
3.50  0.07
3.52  0.07
3.53  0.08
3.55  0.08
3.57  0.09
3.58  0.10
3.60  0.12
3.62  0.13
3.63  0.13
3.65  0.13
3.67  0.13
3.68  0.12
3.70  0.12
3.72  0.13
3.73  0.14
3.75  0.14
3.77  0.14
3.78  0.15
3.80  0.16
3.82  0.18
3.83  0.18
3.85  0.18
3.87  0.20
3.88  0.20
3.90  0.21
3.92  0.23
3.93  0.23
3.95  0.25
3.97  0.28
3.98  0.32
4.00  0.36
4.02  0.38
4.03  0.44
4.05  0.50
4.07  0.53
4.08  0.57
4.10  0.58
4.12  0.57
4.13  0.55
4.15  0.52
4.17  0.50
4.18  0.50
4.20  0.52
4.22  0.52
4.23  0.52
4.25  0.54
4.27  0.64
4.28  0.61
4.30  0.59
4.32  0.66
4.33  0.59
4.35  0.61
4.37  0.63
4.38  0.67
4.40  0.74
4.42  0.78
4.43  0.85
4.45  0.89
4.47  0.97
4.48  1.12
4.50  1.25
4.52  1.33
4.53  1.36
4.55  1.38
4.57  1.40
4.58  1.44
4.60  1.49
4.62  1.52
4.63  1.51
4.65  1.48
4.67  1.44
4.68  1.44
4.70  1.47
4.72  1.53
4.73  1.52
4.75  1.43
4.77  1.37
4.78  1.35
4.80  1.39
4.82  1.42
4.83  1.38
4.85  1.30
4.87  1.24
4.88  1.22
4.90  1.23
4.92  1.25
4.93  1.25
4.95  1.29
4.97  1.38
4.98  1.37
5.00  1.46
5.02  1.38
5.03  1.16
5.05  1.18
5.07  1.18
5.08  1.18
5.10  1.24
5.12  1.24
5.13  1.21
5.15  1.27
5.17  1.30
5.18  1.27
5.20  1.24
5.22  1.24
5.23  1.24
5.25  1.23
5.27  1.21
5.28  1.30
5.30  1.41
5.32  1.46
5.33  1.45
5.35  1.47
5.37  1.53
5.38  1.59
5.40  1.65
5.42  1.70
5.43  1.70
5.45  1.68
5.47  1.77
5.48  1.82
5.50  1.81
5.52  1.79
5.53  1.74
5.55  1.81
5.57  1.86
5.58  2.42
5.60  2.77
5.62  2.03
5.63  1.88
5.65  1.79
5.67  1.78
5.68  1.79
5.70  1.86
5.72  1.94
5.73  2.01
5.75  2.08
5.77  2.15
5.78  2.20
5.80  2.24
5.82  2.37
5.83  3.03
5.85  3.04
5.87  2.89
5.88  2.88
5.90  2.92
5.92  2.96
5.93  2.94
5.95  2.94
5.97  2.91
5.98  2.92
6.00  2.80
6.02  2.84
6.03  2.74
6.05  2.72
6.07  2.68
6.08  2.93
6.10  2.91
6.12  2.89
6.13  2.88
6.15  2.90
6.17  2.90
6.18  2.89
6.20  2.89
6.22  2.88
6.23  2.83
6.25  2.78
6.27  2.70
6.28  2.53
6.30  2.41
6.32  2.33
6.33  2.23
6.35  2.20
6.37  2.26
6.38  2.38
6.40  2.36
6.42  2.34
6.43  2.31
6.45  2.33
6.47  2.33
6.48  2.44
6.50  2.52
6.52  2.58
6.53  2.57
6.55  2.64
6.57  2.61
6.58  2.69
6.60  2.75
6.62  2.83
6.63  2.76
6.65  2.74
6.67  2.75
6.68  2.76
6.70  2.77
6.72  2.79
6.73  2.85
6.75  2.88
6.77  2.88
6.78  2.90
6.80  2.90
6.82  2.88
6.83  2.91
6.85  2.94
6.87  2.92
6.88  2.94
6.90  2.93
6.92  2.87
6.93  2.86
6.95  2.86
6.97  2.85
6.98  2.89
7.00  2.87
7.02  2.84
7.03  2.80
7.05  2.77
7.07  2.74
7.08  2.75
7.10  2.80
7.12  2.85
7.13  2.90
7.15  2.89
7.17  2.86
7.18  2.84
7.20  2.85
7.22  2.86
7.23  2.85
7.25  2.84
7.27  2.83
7.28  2.80
7.30  2.79
7.32  2.77
7.33  2.81
7.35  2.86
7.37  2.90
7.38  2.91
7.40  2.91
7.42  2.86
7.43  2.82
7.45  2.78
7.47  2.80
7.48  2.77
7.50  2.77
7.52  2.75
7.53  2.80
7.55  2.81
7.57  2.82
7.58  2.78
7.60  2.82
7.62  2.81
7.63  2.82
7.65  2.81
7.67  2.80
7.68  2.81
7.70  2.83
7.72  2.84
7.73  2.79
7.75  2.78
7.77  2.84
7.78  2.85
7.80  2.84
7.82  2.82
7.83  2.81
7.85  2.82
7.87  2.79
7.88  2.78
7.90  2.78
7.92  2.79
7.93  2.80
7.95  2.78
7.97  2.79
7.98  2.78
8.00  2.77
8.02  2.76
8.03  2.74
8.05  2.72
8.07  2.71
8.08  2.70
8.10  2.70
8.12  2.69
8.13  2.69
8.15  2.69
8.17  2.69
8.18  2.68
8.20  2.69
8.22  2.70
8.23  2.69
8.25  2.68
8.27  2.67
8.28  2.67
8.30  2.67
8.32  2.68
8.33  2.69
8.35  2.69
8.37  2.68
8.38  2.67
8.40  2.66
8.42  2.66
8.43  2.65
8.45  2.64
8.47  2.63
8.48  2.62
8.50  2.59
8.52  2.56
8.53  2.56
8.55  2.55
8.57  2.54
8.58  2.52
8.60  2.50
8.62  2.50
8.63  2.50
8.65  2.49
8.67  2.45
8.68  2.43
8.70  2.41
8.72  2.40
8.73  2.41
8.75  2.41
8.77  2.42
8.78  2.42
8.80  2.41
8.82  2.41
8.83  2.41
8.85  2.43
8.87  2.47
8.87  2.51
8.88  2.51
8.90  2.50
8.92  2.51
8.93  2.56
8.95  2.60
8.97  2.62
8.98  2.70
9.00  2.73
9.02  2.69
9.03  2.65
9.05  2.64
9.07  2.69
9.08  2.71
9.10  2.69
9.12  2.64
9.13  2.58
9.15  2.52
9.17  2.51
9.18  2.49
9.20  2.49
9.22  2.50
9.23  2.47
9.25  2.43
9.27  2.45
9.28  2.45
9.30  2.42
9.32  2.42
9.33  2.46
9.35  2.51
9.37  2.51
9.38  2.52
9.40  2.55
9.42  2.58
9.43  2.58
9.45  2.58
9.47  2.58
9.48  2.60
9.50  2.62
9.52  2.63
9.53  2.62
9.55  2.60
9.57  2.57
9.58  2.57
9.60  2.58
9.62  2.61
9.63  2.64
9.65  2.64
9.67  2.62
9.68  2.61
9.70  2.61
9.72  2.63
9.73  2.65
9.75  2.66
9.77  2.65
9.78  2.65
9.80  2.64
9.82  2.63
9.83  2.63
9.85  2.62
9.87  2.61
9.88  2.60
9.90  2.58
9.92  2.58
9.93  2.57
9.95  2.57
9.97  2.56
9.98  2.55
10.00  2.52
10.02  2.49
10.03  2.46
10.05  2.46
10.07  2.45
10.08  2.44
10.10  2.43
10.12  2.43
10.13  2.43
10.15  2.43
10.17  2.44
10.18  2.43
10.20  2.43
10.22  2.44
10.23  2.45
10.25  2.46
10.27  2.45
10.28  2.44
10.30  2.42
10.32  2.41
10.33  2.40
10.35  2.40
10.37  2.40
10.38  2.39
10.40  2.39
10.42  2.39
10.43  2.38
10.45  2.37
10.47  2.36
10.48  2.34
10.50  2.33
10.52  2.31
10.53  2.30
10.55  2.29
10.57  2.27
10.58  2.25
10.60  2.24
10.62  2.22
10.63  2.21
10.65  2.19
10.67  2.29
10.68  2.34
10.70  2.29
10.72  2.27
10.73  2.26
10.75  2.25
10.77  2.24
10.78  2.21
10.80  2.17
10.82  2.15
10.83  2.16
10.85  2.19
10.87  2.18
10.88  2.17
10.90  2.16
10.92  2.15
10.93  2.12
10.95  2.07
10.97  2.03
10.98  2.02
11.00  2.04
11.02  2.08
11.03  2.10
11.05  2.11
11.07  2.11
11.08  2.11
11.10  2.10
11.12  2.10
11.13  2.13
11.15  2.16
11.17  2.18
11.18  2.20
11.20  2.21
11.22  2.21
11.23  2.21
11.25  2.21
11.27  2.21
11.28  2.20
11.30  2.19
11.32  2.16
11.33  2.12
11.35  2.06
11.37  1.98
11.38  1.93
11.40  1.89
11.42  1.88
11.43  1.90
11.45  1.95
11.47  2.01
11.48  2.08
11.50  2.11
11.52  2.13
11.53  2.16
11.55  2.22
11.57  2.25
11.58  2.24
11.60  2.24
11.62  2.22
11.63  2.19
11.65  2.19
11.67  2.21
11.68  2.22
11.70  2.23
11.72  2.23
11.73  2.24
11.75  2.26
11.77  2.30
11.78  2.34
11.80  2.40
11.82  2.44
11.83  2.48
11.85  2.52
11.87  2.56
11.88  2.58
11.90  2.61
11.92  2.63
11.93  2.62
11.95  2.61
11.97  2.61
11.98  2.62
12.00  2.62
12.02  2.62
12.03  2.61
12.05  2.60
12.07  2.59
12.08  2.57
12.10  2.53
12.12  2.50
12.13  2.50
12.15  2.50
12.17  2.49
12.18  2.47
12.20  2.45
12.22  2.43
12.23  2.37
12.25  2.29
12.27  2.20
12.28  2.14
12.30  2.13
12.32  2.18
12.33  2.23
12.35  2.23
12.37  2.21
12.38  2.22
12.40  2.20
12.42  2.19
12.43  2.19
12.45  2.21
12.47  2.24
12.48  2.25
12.50  2.29
12.52  2.35
12.53  2.39
12.55  2.43
12.57  2.42
12.58  2.40
12.60  2.33
12.62  2.29
12.63  2.29
12.65  2.35
12.67  2.45
12.68  2.52
12.70  2.54
12.72  2.51
12.73  2.47
12.75  2.45
12.77  2.46
12.78  2.47
12.80  2.46
12.82  2.44
12.83  2.41
12.85  2.38
12.87  2.32
12.88  2.26
12.90  2.26
12.92  2.30
12.93  2.32
12.95  2.34
12.97  2.36
12.98  2.41
13.00  2.43
13.02  2.36
13.03  2.33
13.05  2.38
13.07  2.45
13.08  2.47
13.10  2.45
13.12  2.44
13.13  2.45
13.15  2.45
13.17  2.45
13.18  2.43
13.20  2.38
13.22  2.35
13.23  2.31
13.25  2.31
13.27  2.36
13.28  2.39
13.30  2.39
13.32  2.36
13.33  2.35
13.35  2.33
13.37  2.30
13.38  2.31
13.40  2.35
13.42  2.44
13.43  2.47
13.45  2.47
13.47  2.42
13.48  2.42
13.50  2.39
13.52  2.39
13.53  2.39
13.55  2.38
13.57  2.38
13.58  2.37
13.60  2.39
13.62  2.41
13.63  2.40
13.65  2.31
13.67  2.26
13.68  2.23
13.70  2.28
13.72  2.27
13.73  2.36
13.75  2.39
13.77  2.41
13.78  2.41
13.80  2.42
13.82  2.41
13.83  2.43
13.85  2.40
13.87  2.39
13.88  2.37
13.90  2.34
13.92  2.33
13.93  2.31
13.95  2.28
13.97  2.31
13.98  2.30
14.00  2.26
14.02  2.29
14.03  2.25
14.05  2.23
14.07  2.15
14.08  2.10
14.10  2.15
14.12  2.20
14.13  2.27
14.15  2.30
14.17  2.27
14.18  2.19
14.20  2.21
14.22  2.25
14.23  2.24
14.25  2.17
14.27  2.19
14.28  2.19
14.30  2.17
14.32  2.20
14.33  2.25
14.35  2.27
14.37  2.24
14.38  2.19
14.40  2.17
14.42  2.09
14.43  2.07
14.45  2.08
14.47  2.08
14.48  2.12
14.50  2.14
14.52  2.18
14.53  2.20
14.55  2.16
14.57  2.08
14.58  2.03
14.60  1.98
14.62  1.94
14.63  1.88
14.65  1.82
14.67  1.76
14.68  1.69
14.70  1.63
14.72  1.56
14.73  1.48
14.75  1.38
14.77  1.42
14.78  1.41
14.80  1.42
14.82  1.34
14.83  1.38
14.85  1.43
14.87  1.53
14.88  1.60
14.90  1.73
14.92  1.83
14.93  1.83
14.95  1.88
14.97  1.93
14.98  1.90
15.00  1.82
15.02  1.75
15.03  1.68
15.05  1.65
15.07  1.56
15.08  1.53
15.10  1.62
15.12  1.67
15.13  1.63
15.15  1.58
15.17  1.58
15.18  1.63
15.20  1.63
15.22  1.58
15.23  1.50
15.25  1.46
15.27  1.44
15.28  1.43
15.30  1.43
15.32  1.45
15.33  1.48
15.35  1.51
15.37  1.50
15.38  1.48
15.40  1.47
15.42  1.43
15.43  1.40
15.45  1.37
15.47  1.34
15.48  1.30
15.50  1.22
15.52  1.19
15.53  1.31
15.55  1.52
15.57  1.63
15.58  1.59
15.60  1.50
15.62  1.42
15.63  1.46
15.65  1.44
15.67  1.49
15.68  1.49
15.70  1.44
15.72  1.30
15.73  1.35
15.75  1.36
15.77  1.35
15.78  1.36
15.80  1.37
15.82  1.35
15.83  1.34
15.85  1.33
15.87  1.31
15.88  1.27
15.90  1.25
15.92  1.23
15.93  1.24
15.95  1.23
15.97  1.23
15.98  1.23
16.00  1.22
16.02  1.22
16.03  1.24
16.05  1.26
16.07  1.27
16.08  1.23
16.10  1.24
16.12  1.25
16.13  1.28
16.15  1.28
16.17  1.26
16.18  1.25
16.20  1.23
16.22  1.21
16.23  1.21
16.25  1.20
16.27  1.19
16.28  1.22
16.30  1.24
16.32  1.22
16.33  1.20
16.35  1.18
16.37  1.16
16.38  1.15
16.40  1.15
16.42  1.15
16.43  1.16
16.45  1.16
16.47  1.16
16.48  1.16
16.50  1.17
16.52  1.17
16.53  1.16
16.55  1.14
16.57  1.14
16.58  1.14
16.60  1.12
16.62  1.11
16.63  1.10
16.65  1.10
16.67  1.10
16.68  1.10
16.70  1.09
16.72  1.09
16.73  1.09
16.75  1.08
16.77  1.08
16.78  1.07
16.80  1.06
16.82  1.06
16.83  1.05
16.85  1.05
16.87  1.04
16.88  1.04
16.90  1.03
16.92  1.03
16.93  1.02
16.95  1.02
16.97  1.01
16.98  1.01
17.00  1.00
17.02  1.00
17.03  1.00
17.05  0.99
17.07  0.99
17.08  0.99
17.10  0.98
17.12  0.98
17.13  0.97
17.15  0.97
17.17  0.96
17.18  0.96
17.20  0.96
17.22  0.95
17.23  0.95
17.25  0.94
17.27  0.94
17.28  0.93
17.30  0.93
17.32  0.93
17.33  0.92
17.35  0.91
17.37  0.91
17.38  0.90
17.40  0.90
17.42  0.90
17.43  0.89
17.45  0.89
17.47  0.88
17.48  0.87
17.50  0.87
17.52  0.86
17.53  0.85
17.55  0.85
17.57  0.84
17.58  0.84
17.60  0.83
17.62  0.82
17.63  0.82
17.65  0.81
17.67  0.80
17.68  0.79
17.70  0.79
17.72  0.78
17.73  0.77
17.75  0.76
17.77  0.76
17.78  0.75
17.80  0.74
17.82  0.73
17.83  0.72
17.85  0.71
17.87  0.70
17.88  0.69
17.90  0.68
17.92  0.67
17.93  0.66
17.95  0.65
17.97  0.64
17.98  0.63
18.00  0.62
18.02  0.61
18.03  0.59
18.05  0.58
18.07  0.57
18.08  0.56
18.10  0.54
18.12  0.53
18.13  0.51
18.15  0.50
18.17  0.48
18.18  0.47
18.20  0.45
18.22  0.44
18.23  0.42
18.25  0.41
18.27  0.39
18.28  0.37
18.30  0.35
18.32  0.34
18.33  0.32
18.35  0.30
18.37  0.28
18.38  0.27
18.40  0.25
18.42  0.23
18.43  0.21
18.45  0.19
18.47  0.18
18.48  0.16
18.50  0.14
18.52  0.13
18.53  0.12
18.55  0.10
18.57  0.09
18.58  0.08
18.60  0.07
18.62  0.06
18.63  0.05
18.65  0.04
18.67  0.03
18.68  0.03
18.70  0.02
18.72  0.02
18.73  0.01
18.75  0.01
18.77  0.00
18.78  0.00
18.80  0.00
18.82  0.00
18.83  0.00
18.85  0.00
18.87  0.00
18.88  0.00
18.90  0.00
18.92  0.00
18.93  0.00
18.95  0.00
18.97  0.00
18.98  0.00
19.00  0.00
19.02  0.00
19.03  0.00
19.05  0.00
19.07  0.00
19.08  0.00
19.10  0.00
19.12  0.00
19.13  0.00
19.15  0.00
19.17  0.00
19.18  0.00
19.20  0.00
19.22  0.00
19.23  0.00
19.25  0.00
19.27  0.00
19.28  0.00
19.30  0.00
19.32  0.00
19.33  0.00
19.35  0.00
19.37  0.00
19.38  0.00
19.40  0.00
19.42  0.00
19.43  0.00
19.45  0.00
19.47  0.00
19.48  0.00
19.50  0.00
19.52  0.00
19.53  0.00
19.55  0.00
19.57  0.00
19.58  0.00
19.60  0.00
19.62  0.00
19.63  0.00
19.65  0.00
19.67  0.00
19.68  0.00
19.70  0.00
19.72  0.00
19.73  0.00
19.75  0.00
19.77  0.00
19.78  0.00
19.80  0.00
19.82  0.00
19.83  0.00
19.85  0.00
19.87  0.00
19.88  0.00
19.90  0.00
19.92  0.00
19.93  0.00
19.95  0.00
19.97  0.00
19.98  0.00
20.00  0.00
20.02  0.00
20.03  0.00
20.05  0.00
20.07  0.00
20.08  0.00
20.10  0.00
20.12  0.00
20.13  0.00
20.15  0.00
20.17  0.00
20.18  0.00
20.20  0.00
20.22  0.00
20.23  0.00
20.25  0.00
20.27  0.00
20.28  0.00
20.30  0.00
20.32  0.00
20.33  0.00
20.35  0.00
20.37  0.00
20.38  0.00
20.40  0.00
20.42  0.00
20.43  0.00
20.45  0.00
20.47  0.00
20.48  0.00
20.50  0.00
20.52  0.00
20.53  0.00
20.55  0.00
20.57  0.00
20.58  0.00
20.60  0.00
20.62  0.00
20.63  0.00
20.65  0.00
20.67  0.00
20.68  0.00
20.70  0.00
20.72  0.00
20.73  0.00
20.75  0.00
20.77  0.00
20.78  0.00
20.80  0.00
20.82  0.00
20.83  0.00
20.85  0.00
20.87  0.00
20.88  0.00
20.90  0.00
20.92  0.00
20.93  0.00
20.95  0.00
20.97  0.00
20.98  0.00
21.00  0.00
21.02  0.00
21.03  0.00
21.05  0.00
21.07  0.00
21.08  0.00
21.10  0.00
21.12  0.00
21.13  0.00
21.15  0.00
21.17  0.00
21.18  0.00
21.20  0.00
21.22  0.00
21.23  0.00
21.25  0.00
21.27  0.00
21.28  0.00
21.30  0.00
21.32  0.00
21.33  0.00
21.35  0.00
21.37  0.00
21.38  0.00
21.40  0.00
21.42  0.00
21.43  0.00
21.45  0.00
21.47  0.00
21.48  0.00
21.50  0.00
21.52  0.00
21.53  0.00
21.55  0.00
21.57  0.00
21.58  0.00
21.60  0.00
21.62  0.00
21.63  0.00
21.65  0.00
21.67  0.00
21.68  0.00
21.70  0.00
21.72  0.00
21.73  0.00
21.75  0.00
21.77  0.00
21.78  0.00
21.80  0.00
21.82  0.00
21.83  0.00
21.85  0.00
21.87  0.00
21.88  0.00
21.90  0.00
21.92  0.00
21.93  0.00
21.95  0.00
21.97  0.00
21.98  0.00
22.00  0.00
22.02  0.00
22.03  0.00
22.05  0.00
22.07  0.00
22.08  0.00
22.10  0.00
22.12  0.00
22.13  0.00
22.15  0.00
22.17  0.00
22.18  0.00
22.20  0.00
22.22  0.00
22.23  0.00
22.25  0.00
22.27  0.00
22.28  0.00
22.30  0.00
22.32  0.00
22.33  0.00
22.35  0.00
22.37  0.00
22.38  0.00
22.40  0.00
22.42  0.00
22.43  0.00
22.45  0.00
22.47  0.00
22.48  0.00
22.50  0.00
22.52  0.00
22.53  0.00
22.55  0.00
22.57  0.00
22.58  0.00
22.60  0.00
22.62  0.00
22.63  0.00
22.65  0.00
22.67  0.00
22.68  0.00
22.70  0.00
22.72  0.00
22.73  0.00
22.75  0.00
22.77  0.00
22.78  0.00
22.80  0.00
22.82  0.00
22.83  0.00
22.85  0.00
22.87  0.00
22.88  0.00
22.90  0.00
22.92  0.00
22.93  0.00
22.93  0.00
22.95  0.00
22.97  0.00
22.98  0.00
23.00  0.00
23.02  0.00
23.03  0.00
23.05  0.00
23.07  0.00
23.08  0.00
23.10  0.00
23.12  0.00
23.13  0.00
23.15  0.00
23.17  0.00
23.18  0.00
23.20  0.00
23.22  0.00
23.23  0.00
23.25  0.00
23.27  0.00
23.28  0.00
23.30  0.00
23.32  0.00
23.33  0.00
23.35  0.00
23.37  0.00
23.38  0.00
23.40  0.00
23.42  0.00
23.43  0.00
23.45  0.00
23.47  0.00
23.48  0.00
23.50  0.00
23.52  0.00
23.53  0.00
23.55  0.00
23.57  0.00
23.58  0.00
23.60  0.00
23.62  0.00
23.63  0.00
23.65  0.00
23.67  0.00
23.68  0.00
23.70  0.00
23.72  0.00
23.73  0.00
23.75  0.00
23.77  0.00
23.78  0.00
23.80  0.00
23.82  0.00
23.83  0.00
23.85  0.00
23.87  0.00
23.88  0.00
23.90  0.00
23.92  0.00
23.93  0.00
23.95  0.00
23.97  0.00
23.98  0.00
