genericdec
-3.60   40.15
13   6   2015
0.00  0.00
0.02  0.00
0.03  0.00
0.05  0.00
0.07  0.00
0.08  0.00
0.10  0.00
0.12  0.00
0.13  0.00
0.15  0.00
0.17  0.00
0.18  0.00
0.20  0.00
0.22  0.00
0.23  0.00
0.25  0.00
0.27  0.00
0.28  0.00
0.30  0.00
0.32  0.00
0.33  0.00
0.35  0.00
0.37  0.00
0.38  0.00
0.40  0.00
0.42  0.00
0.43  0.00
0.45  0.00
0.47  0.00
0.48  0.00
0.50  0.00
0.52  0.00
0.53  0.00
0.55  0.00
0.57  0.00
0.58  0.00
0.60  0.00
0.62  0.00
0.63  0.00
0.65  0.00
0.67  0.00
0.68  0.00
0.70  0.00
0.72  0.00
0.73  0.00
0.75  0.00
0.77  0.00
0.78  0.00
0.80  0.00
0.82  0.00
0.83  0.00
0.85  0.00
0.87  0.00
0.88  0.00
0.90  0.00
0.92  0.00
0.93  0.00
0.95  0.00
0.97  0.00
0.98  0.00
1.00  0.00
1.02  0.00
1.03  0.00
1.05  0.00
1.07  0.00
1.08  0.00
1.10  0.00
1.12  0.00
1.13  0.00
1.15  0.00
1.17  0.00
1.18  0.00
1.20  0.00
1.22  0.00
1.23  0.00
1.25  0.00
1.27  0.00
1.28  0.00
1.30  0.00
1.32  0.00
1.33  0.00
1.35  0.00
1.37  0.00
1.38  0.00
1.40  0.00
1.42  0.00
1.43  0.00
1.45  0.00
1.47  0.00
1.48  0.00
1.50  0.00
1.52  0.00
1.53  0.00
1.55  0.00
1.57  0.00
1.58  0.00
1.60  0.00
1.62  0.00
1.63  0.00
1.65  0.00
1.67  0.00
1.68  0.00
1.70  0.00
1.72  0.00
1.73  0.00
1.75  0.00
1.77  0.00
1.78  0.00
1.80  0.00
1.82  0.00
1.83  0.00
1.85  0.00
1.87  0.00
1.88  0.00
1.90  0.00
1.92  0.00
1.93  0.00
1.95  0.00
1.97  0.00
1.98  0.00
2.00  0.00
2.02  0.00
2.03  0.00
2.05  0.00
2.07  0.00
2.08  0.00
2.10  0.00
2.12  0.00
2.13  0.00
2.15  0.00
2.17  0.00
2.18  0.00
2.20  0.00
2.22  0.00
2.23  0.00
2.25  0.00
2.27  0.00
2.28  0.00
2.30  0.00
2.32  0.00
2.33  0.00
2.35  0.00
2.37  0.00
2.38  0.00
2.40  0.00
2.42  0.00
2.43  0.00
2.45  0.00
2.47  0.00
2.48  0.00
2.50  0.00
2.52  0.00
2.53  0.00
2.55  0.00
2.57  0.00
2.58  0.00
2.60  0.00
2.62  0.00
2.63  0.00
2.65  0.00
2.67  0.00
2.68  0.00
2.70  0.00
2.72  0.00
2.73  0.00
2.75  0.00
2.77  0.00
2.78  0.00
2.80  0.00
2.82  0.00
2.83  0.00
2.85  0.00
2.87  0.00
2.88  0.00
2.90  0.00
2.92  0.00
2.93  0.00
2.95  0.00
2.97  0.00
2.98  0.00
3.00  0.00
3.02  0.00
3.03  0.00
3.05  0.00
3.07  0.00
3.08  0.00
3.10  0.00
3.12  0.00
3.13  0.00
3.15  0.00
3.17  0.01
3.18  0.01
3.20  0.01
3.22  0.02
3.23  0.02
3.25  0.02
3.27  0.03
3.28  0.04
3.30  0.05
3.32  0.05
3.33  0.06
3.35  0.07
3.37  0.07
3.38  0.07
3.40  0.07
3.42  0.08
3.43  0.10
3.45  0.12
3.47  0.13
3.48  0.14
3.50  0.15
3.52  0.15
3.53  0.16
3.55  0.17
3.57  0.18
3.58  0.19
3.60  0.20
3.62  0.21
3.63  0.22
3.65  0.23
3.67  0.24
3.68  0.26
3.70  0.28
3.72  0.30
3.73  0.32
3.75  0.34
3.77  0.36
3.78  0.38
3.80  0.40
3.82  0.43
3.83  0.45
3.85  0.47
3.87  0.51
3.88  0.60
3.90  0.65
3.92  0.66
3.93  0.69
3.95  0.69
3.97  0.71
3.98  0.82
4.00  0.90
4.02  0.98
4.03  1.05
4.05  1.09
4.07  1.11
4.08  1.20
4.10  1.32
4.12  1.33
4.13  1.35
4.15  1.43
4.17  1.50
4.18  1.56
4.20  1.61
4.22  1.65
4.23  1.62
4.25  1.53
4.27  1.54
4.28  1.61
4.30  1.62
4.32  1.59
4.33  1.53
4.35  1.44
4.37  1.42
4.38  1.44
4.40  1.48
4.42  1.48
4.43  1.40
4.45  1.31
4.47  1.32
4.48  1.33
4.50  1.36
4.52  1.39
4.53  1.48
4.55  1.62
4.57  1.70
4.58  1.70
4.60  1.70
4.62  1.72
4.63  1.74
4.65  1.75
4.67  1.76
4.68  1.76
4.70  1.77
4.72  1.78
4.73  1.79
4.75  1.80
4.77  1.81
4.78  1.81
4.80  1.81
4.82  1.82
4.83  1.85
4.85  1.86
4.87  1.87
4.88  1.87
4.90  1.88
4.92  1.89
4.93  1.89
4.95  1.90
4.97  1.91
4.98  1.91
5.00  1.92
5.02  1.93
5.03  1.93
5.05  1.94
5.07  1.94
5.08  1.95
5.10  1.96
5.12  1.97
5.13  1.98
5.15  1.98
5.17  1.99
5.18  2.00
5.20  2.00
5.22  2.01
5.23  2.02
5.25  2.03
5.27  2.03
5.28  2.04
5.30  2.05
5.32  2.06
5.33  2.07
5.35  2.08
5.37  2.09
5.38  2.09
5.40  2.11
5.42  2.12
5.43  2.13
5.45  2.14
5.47  2.15
5.48  2.16
5.50  2.17
5.52  2.19
5.53  2.23
5.55  2.27
5.57  2.29
5.58  2.32
5.60  2.38
5.62  2.44
5.63  2.49
5.65  2.53
5.67  2.55
5.68  2.57
5.70  2.55
5.72  2.54
5.73  2.59
5.75  2.69
5.77  2.93
5.78  3.43
5.80  3.79
5.82  3.90
5.83  3.91
5.85  3.87
5.87  3.89
5.88  3.87
5.90  3.76
5.92  3.84
5.93  3.93
5.95  3.81
5.97  3.90
5.98  3.91
6.00  3.91
6.02  3.93
6.03  3.92
6.05  3.91
6.07  3.94
6.08  3.95
6.10  3.95
6.12  3.96
6.13  3.97
6.15  3.99
6.17  3.99
6.18  3.98
6.20  3.95
6.22  3.86
6.23  3.66
6.25  3.57
6.27  2.99
6.28  2.69
6.30  2.58
6.32  2.53
6.33  2.46
6.35  2.42
6.37  2.51
6.38  2.63
6.40  2.88
6.42  3.19
6.43  3.96
6.45  3.91
6.47  3.94
6.48  3.92
6.50  4.00
6.52  4.06
6.53  4.06
6.55  4.05
6.57  4.00
6.58  4.00
6.60  4.03
6.62  4.05
6.63  4.06
6.65  4.06
6.67  4.07
6.68  4.07
6.70  4.03
6.72  3.89
6.73  4.02
6.75  4.07
6.77  4.07
6.78  4.07
6.80  4.07
6.82  4.08
6.83  4.08
6.85  4.07
6.87  4.08
6.88  4.08
6.90  4.08
6.92  4.09
6.93  4.09
6.95  4.09
6.97  4.09
6.98  4.09
7.00  4.09
7.02  4.09
7.03  4.09
7.05  4.10
7.07  4.09
7.08  4.07
7.10  3.82
7.12  3.92
7.13  3.83
7.15  3.86
7.17  4.08
7.18  3.98
7.20  4.05
7.22  4.11
7.23  4.11
7.25  4.10
7.27  4.10
7.28  4.08
7.30  4.12
7.32  4.12
7.33  4.11
7.35  4.11
7.37  4.12
7.38  4.12
7.40  4.12
7.42  4.12
7.43  4.11
7.45  4.11
7.47  4.12
7.48  4.12
7.50  4.12
7.52  4.12
7.53  4.12
7.55  4.12
7.57  4.12
7.58  4.12
7.60  4.12
7.62  4.12
7.63  4.11
7.65  4.13
7.67  4.12
7.68  4.13
7.70  4.13
7.72  4.13
7.73  4.13
7.75  4.12
7.77  4.12
7.78  4.12
7.80  4.11
7.82  2.87
7.83  2.63
7.85  3.25
7.87  4.14
7.88  4.14
7.90  4.13
7.92  4.11
7.93  3.95
7.95  3.35
7.97  2.83
7.98  2.92
8.00  2.93
8.02  2.86
8.03  2.77
8.05  2.69
8.07  2.64
8.08  2.62
8.10  2.76
8.12  2.71
8.13  2.57
8.15  2.50
8.17  2.47
8.18  2.45
8.20  2.44
8.22  2.44
8.23  2.50
8.25  2.61
8.27  2.64
8.28  2.64
8.30  2.68
8.32  2.74
8.33  2.73
8.35  2.72
8.37  2.74
8.38  2.76
8.40  2.83
8.42  2.86
8.43  2.86
8.45  2.88
8.47  2.92
8.48  2.84
8.50  2.78
8.52  2.74
8.53  2.74
8.55  2.81
8.57  2.86
8.58  2.86
8.60  2.91
8.62  2.92
8.63  2.91
8.65  2.90
8.67  2.94
8.68  2.94
8.70  2.89
8.72  2.78
8.73  2.64
8.75  2.51
8.77  2.43
8.78  2.40
8.80  2.33
8.82  2.29
8.83  2.40
8.85  2.53
8.87  2.48
8.88  2.55
8.90  2.72
8.92  2.78
8.93  2.83
8.95  2.82
8.97  2.83
8.98  2.86
9.00  2.90
9.02  2.92
9.03  2.91
9.05  2.87
9.07  2.88
9.08  2.84
9.10  2.81
9.12  2.80
9.13  2.81
9.15  2.76
9.17  2.74
9.18  2.75
9.20  2.68
9.22  2.67
9.23  2.66
9.25  2.63
9.27  2.71
9.28  2.72
9.30  2.67
9.32  2.59
9.33  2.51
9.35  2.51
9.37  2.50
9.38  2.55
9.40  2.63
9.42  2.72
9.43  2.73
9.45  2.71
9.47  2.67
9.48  2.63
9.50  2.57
9.52  2.50
9.53  2.46
9.55  2.51
9.57  2.51
9.58  2.53
9.60  2.58
9.62  2.65
9.63  2.68
9.65  2.67
9.67  2.69
9.68  2.65
9.70  2.61
9.72  2.62
9.73  2.63
9.75  2.61
9.77  2.64
9.78  2.68
9.80  2.65
9.82  2.63
9.83  2.55
9.85  2.53
9.87  2.54
9.88  2.54
9.90  2.58
9.92  2.62
9.93  2.63
9.95  2.62
9.97  2.62
9.98  2.62
10.00  2.62
10.02  2.63
10.03  2.68
10.05  2.74
10.07  2.76
10.08  2.74
10.10  2.71
10.12  2.69
10.13  2.70
10.15  2.73
10.17  2.77
10.18  2.77
10.20  2.79
10.22  2.80
10.23  2.79
10.25  2.78
10.27  2.76
10.28  2.74
10.30  2.71
10.32  2.70
10.33  2.67
10.35  2.62
10.37  2.61
10.38  2.57
10.40  2.55
10.42  2.56
10.43  2.51
10.45  2.45
10.47  2.40
10.48  2.38
10.50  2.39
10.52  2.32
10.53  2.27
10.55  2.26
10.57  2.31
10.58  2.31
10.60  2.27
10.62  2.20
10.63  2.19
10.65  2.21
10.67  2.27
10.68  2.28
10.70  2.34
10.72  2.42
10.73  2.54
10.75  2.63
10.77  2.67
10.78  2.68
10.80  2.65
10.82  2.65
10.83  2.65
10.85  2.70
10.87  2.70
10.88  2.67
10.90  2.64
10.92  2.65
10.93  2.64
10.95  2.63
10.97  2.62
10.98  2.64
11.00  2.61
11.02  2.58
11.03  2.56
11.05  2.47
11.07  2.47
11.08  2.53
11.10  2.58
11.12  2.56
11.13  2.50
11.15  2.43
11.17  2.40
11.18  2.37
11.20  2.33
11.22  2.33
11.23  2.37
11.25  2.38
11.27  2.42
11.28  2.44
11.30  2.46
11.32  2.49
11.33  2.50
11.35  2.50
11.37  2.50
11.38  2.53
11.40  2.54
11.42  2.56
11.43  2.59
11.45  2.60
11.47  2.53
11.48  2.44
11.50  2.34
11.52  2.34
11.53  2.38
11.55  2.41
11.57  2.39
11.58  2.46
11.60  2.51
11.62  2.55
11.63  2.56
11.65  2.56
11.67  2.54
11.68  2.52
11.70  2.52
11.72  2.52
11.73  2.51
11.75  2.49
11.77  2.48
11.78  2.46
11.80  2.46
11.82  2.47
11.83  2.47
11.85  2.45
11.87  2.47
11.88  2.46
11.90  2.46
11.92  2.48
11.93  2.51
11.95  2.52
11.97  2.53
11.98  2.52
12.00  2.50
12.02  2.47
12.03  2.45
12.05  2.45
12.07  2.45
12.08  2.45
12.10  2.45
12.12  2.45
12.13  2.45
12.15  2.44
12.17  2.41
12.18  2.40
12.20  2.40
12.22  2.39
12.23  2.38
12.25  2.37
12.27  2.34
12.28  2.29
12.30  2.29
12.32  2.35
12.33  2.41
12.35  2.43
12.37  2.40
12.38  2.35
12.40  2.34
12.42  2.32
12.43  2.30
12.45  2.28
12.47  2.27
12.48  2.28
12.50  2.31
12.52  2.36
12.53  2.39
12.55  2.42
12.57  2.47
12.58  2.49
12.60  2.47
12.62  2.44
12.63  2.40
12.65  2.32
12.67  2.21
12.68  2.12
12.70  2.09
12.72  2.05
12.73  2.02
12.75  2.10
12.77  2.19
12.78  2.27
12.80  2.24
12.82  2.14
12.83  2.13
12.85  2.10
12.87  2.05
12.88  2.03
12.90  2.01
12.92  2.01
12.93  2.01
12.95  2.03
12.97  2.05
12.98  2.03
13.00  2.04
13.02  1.98
13.03  2.01
13.03  2.13
13.05  2.10
13.07  2.09
13.08  2.09
13.10  2.11
13.12  2.19
13.13  2.24
13.15  2.27
13.17  2.32
13.18  2.31
13.20  2.26
13.22  2.19
13.23  2.22
13.25  2.25
13.27  2.30
13.28  2.30
13.30  2.25
13.32  2.15
13.33  2.05
13.35  2.04
13.37  2.09
13.38  2.10
13.40  2.09
13.42  2.14
13.43  2.19
13.45  2.22
13.47  2.20
13.48  2.11
13.50  2.04
13.52  1.96
13.53  1.97
13.55  2.03
13.57  2.07
13.58  2.03
13.60  1.98
13.62  1.94
13.63  1.92
13.65  1.79
13.67  1.69
13.68  1.70
13.70  1.78
13.72  1.86
13.73  1.91
13.75  1.93
13.77  1.97
13.78  1.98
13.80  1.98
13.82  1.97
13.83  1.90
13.85  1.84
13.87  1.82
13.88  1.83
13.90  1.88
13.92  1.94
13.93  2.00
13.95  2.03
13.97  2.01
13.98  2.00
14.00  2.04
14.02  2.06
14.03  2.04
14.05  2.05
14.07  2.05
14.08  2.04
14.10  2.04
14.12  2.04
14.13  2.04
14.15  2.06
14.17  2.08
14.18  2.10
14.20  2.09
14.22  2.11
14.23  2.15
14.25  2.16
14.27  2.18
14.28  2.22
14.30  2.23
14.32  2.24
14.33  2.27
14.35  2.32
14.37  2.34
14.38  2.35
14.40  2.34
14.42  2.33
14.43  2.34
14.45  2.33
14.47  2.29
14.48  2.25
14.50  2.25
14.52  2.25
14.53  2.24
14.55  2.22
14.57  2.19
14.58  2.19
14.60  2.22
14.62  2.19
14.63  2.18
14.65  2.20
14.67  2.11
14.68  2.02
14.70  1.94
14.72  1.89
14.73  1.87
14.75  1.82
14.77  1.78
14.78  1.77
14.80  1.74
14.82  1.74
14.83  1.79
14.85  1.82
14.87  1.90
14.88  2.04
14.90  2.07
14.92  2.12
14.93  2.19
14.95  2.21
14.97  2.22
14.98  2.23
15.00  2.21
15.02  2.17
15.03  2.15
15.05  2.13
15.07  2.11
15.08  2.07
15.10  2.02
15.12  2.04
15.13  2.08
15.15  2.07
15.17  2.06
15.18  2.09
15.20  2.11
15.22  2.07
15.23  2.01
15.25  1.96
15.27  1.92
15.28  1.91
15.30  1.91
15.32  1.91
15.33  1.91
15.35  1.89
15.37  1.86
15.38  1.84
15.40  1.87
15.42  1.91
15.43  1.95
15.45  1.98
15.47  1.97
15.48  1.92
15.50  1.88
15.52  1.81
15.53  1.80
15.55  1.76
15.57  1.78
15.58  1.83
15.60  1.83
15.62  1.90
15.63  1.90
15.65  1.85
15.67  1.83
15.68  1.75
15.70  1.73
15.72  1.86
15.73  1.98
15.75  2.06
15.77  2.16
15.78  2.21
15.80  2.23
15.82  2.26
15.83  2.21
15.85  2.13
15.87  2.05
15.88  2.02
15.90  1.98
15.92  1.92
15.93  1.84
15.95  1.72
15.97  1.72
15.98  1.69
16.00  1.75
16.02  1.71
16.03  1.63
16.05  1.65
16.07  1.71
16.08  1.77
16.10  1.79
16.12  1.72
16.13  1.67
16.15  1.60
16.17  1.58
16.18  1.68
16.20  1.79
16.22  1.87
16.23  1.89
16.25  1.85
16.27  1.78
16.28  1.73
16.30  1.68
16.32  1.63
16.33  1.61
16.35  1.56
16.37  1.44
16.38  1.35
16.40  1.28
16.42  1.22
16.43  1.18
16.45  1.17
16.47  1.18
16.48  1.22
16.50  1.25
16.52  1.27
16.53  1.30
16.55  1.34
16.57  1.39
16.58  1.43
16.60  1.45
16.62  1.47
16.63  1.49
16.65  1.50
16.67  1.51
16.68  1.52
16.70  1.56
16.72  1.55
16.73  1.56
16.75  1.56
16.77  1.56
16.78  1.54
16.80  1.55
16.82  1.52
16.83  1.49
16.85  1.46
16.87  1.45
16.88  1.45
16.90  1.45
16.92  1.47
16.93  1.45
16.95  1.36
16.97  1.32
16.98  1.31
17.00  1.31
17.02  1.32
17.03  1.34
17.05  1.33
17.07  1.32
17.08  1.31
17.10  1.31
17.12  1.28
17.13  1.24
17.15  1.19
17.17  1.12
17.18  1.06
17.20  0.99
17.22  0.92
17.23  0.87
17.25  0.84
17.27  0.84
17.28  0.85
17.30  0.87
17.32  0.90
17.33  0.94
17.35  0.98
17.37  1.00
17.38  0.98
17.40  0.94
17.42  0.89
17.43  0.85
17.45  0.83
17.47  0.82
17.48  0.82
17.50  0.81
17.52  0.80
17.53  0.78
17.55  0.76
17.57  0.72
17.58  0.69
17.60  0.65
17.62  0.63
17.63  0.60
17.65  0.58
17.67  0.56
17.68  0.54
17.70  0.53
17.72  0.51
17.73  0.49
17.75  0.47
17.77  0.46
17.78  0.46
17.80  0.46
17.82  0.46
17.83  0.46
17.85  0.45
17.87  0.43
17.88  0.42
17.90  0.41
17.92  0.40
17.93  0.39
17.95  0.39
17.97  0.38
17.98  0.37
18.00  0.36
18.02  0.35
18.03  0.34
18.05  0.33
18.07  0.32
18.08  0.30
18.10  0.29
18.12  0.28
18.13  0.27
18.15  0.26
18.17  0.26
18.18  0.25
18.20  0.25
18.22  0.25
18.23  0.25
18.25  0.25
18.27  0.25
18.28  0.24
18.30  0.24
18.32  0.23
18.33  0.22
18.35  0.22
18.37  0.21
18.38  0.20
18.40  0.19
18.42  0.18
18.43  0.17
18.45  0.16
18.47  0.15
18.48  0.14
18.50  0.12
18.52  0.11
18.53  0.10
18.55  0.09
18.57  0.08
18.58  0.07
18.60  0.07
18.62  0.06
18.63  0.05
18.65  0.04
18.67  0.03
18.68  0.03
18.70  0.02
18.72  0.01
18.73  0.00
18.75  0.00
18.77  0.00
18.78  0.00
18.80  0.00
18.82  0.00
18.83  0.00
18.85  0.00
18.87  0.00
18.88  0.00
18.90  0.00
18.92  0.00
18.93  0.00
18.95  0.00
18.97  0.00
18.98  0.00
19.00  0.00
19.02  0.00
19.03  0.00
19.05  0.00
19.07  0.00
19.08  0.00
19.10  0.00
19.12  0.00
19.13  0.00
19.15  0.00
19.17  0.00
19.18  0.00
19.20  0.00
19.22  0.00
19.23  0.00
19.25  0.00
19.27  0.00
19.28  0.00
19.30  0.00
19.32  0.00
19.33  0.00
19.35  0.00
19.37  0.00
19.38  0.00
19.40  0.00
19.42  0.00
19.43  0.00
19.45  0.00
19.47  0.00
19.48  0.00
19.50  0.00
19.52  0.00
19.53  0.00
19.55  0.00
19.57  0.00
19.58  0.00
19.60  0.00
19.62  0.00
19.63  0.00
19.65  0.00
19.67  0.00
19.68  0.00
19.70  0.00
19.72  0.00
19.73  0.00
19.75  0.00
19.77  0.00
19.78  0.00
19.80  0.00
19.82  0.00
19.83  0.00
19.85  0.00
19.87  0.00
19.88  0.00
19.90  0.00
19.92  0.00
19.93  0.00
19.95  0.00
19.97  0.00
19.98  0.00
20.00  0.00
20.02  0.00
20.03  0.00
20.05  0.00
20.07  0.00
20.08  0.00
20.10  0.00
20.12  0.00
20.13  0.00
20.15  0.00
20.17  0.00
20.18  0.00
20.20  0.00
20.22  0.00
20.23  0.00
20.25  0.00
20.27  0.00
20.28  0.00
20.30  0.00
20.32  0.00
20.33  0.00
20.35  0.00
20.37  0.00
20.38  0.00
20.40  0.00
20.42  0.00
20.43  0.00
20.45  0.00
20.47  0.00
20.48  0.00
20.50  0.00
20.52  0.00
20.53  0.00
20.55  0.00
20.57  0.00
20.58  0.00
20.60  0.00
20.62  0.00
20.63  0.00
20.65  0.00
20.67  0.00
20.68  0.00
20.70  0.00
20.72  0.00
20.73  0.00
20.75  0.00
20.77  0.00
20.78  0.00
20.80  0.00
20.82  0.00
20.83  0.00
20.85  0.00
20.87  0.00
20.88  0.00
20.90  0.00
20.92  0.00
20.93  0.00
20.95  0.00
20.97  0.00
20.98  0.00
21.00  0.00
21.02  0.00
21.03  0.00
21.05  0.00
21.07  0.00
21.08  0.00
21.10  0.00
21.12  0.00
21.13  0.00
21.15  0.00
21.17  0.00
21.18  0.00
21.20  0.00
21.22  0.00
21.23  0.00
21.25  0.00
21.27  0.00
21.28  0.00
21.30  0.00
21.32  0.00
21.33  0.00
21.35  0.00
21.37  0.00
21.38  0.00
21.40  0.00
21.42  0.00
21.43  0.00
21.45  0.00
21.47  0.00
21.48  0.00
21.50  0.00
21.52  0.00
21.53  0.00
21.55  0.00
21.57  0.00
21.58  0.00
21.60  0.00
21.62  0.00
21.63  0.00
21.65  0.00
21.67  0.00
21.68  0.00
21.70  0.00
21.72  0.00
21.73  0.00
21.75  0.00
21.77  0.00
21.78  0.00
21.80  0.00
21.82  0.00
21.83  0.00
21.85  0.00
21.87  0.00
21.88  0.00
21.90  0.00
21.92  0.00
21.93  0.00
21.95  0.00
21.97  0.00
21.98  0.00
22.00  0.00
22.02  0.00
22.03  0.00
22.05  0.00
22.07  0.00
22.08  0.00
22.10  0.00
22.12  0.00
22.13  0.00
22.15  0.00
22.17  0.00
22.18  0.00
22.20  0.00
22.22  0.00
22.23  0.00
22.25  0.00
22.27  0.00
22.28  0.00
22.30  0.00
22.32  0.00
22.33  0.00
22.35  0.00
22.37  0.00
22.38  0.00
22.40  0.00
22.42  0.00
22.43  0.00
22.45  0.00
22.47  0.00
22.48  0.00
22.50  0.00
22.52  0.00
22.53  0.00
22.55  0.00
22.57  0.00
22.58  0.00
22.60  0.00
22.62  0.00
22.63  0.00
22.65  0.00
22.67  0.00
22.68  0.00
22.70  0.00
22.72  0.00
22.73  0.00
22.75  0.00
22.77  0.00
22.78  0.00
22.80  0.00
22.82  0.00
22.83  0.00
22.85  0.00
22.87  0.00
22.88  0.00
22.90  0.00
22.92  0.00
22.93  0.00
22.95  0.00
22.97  0.00
22.98  0.00
23.00  0.00
23.02  0.00
23.03  0.00
23.05  0.00
23.07  0.00
23.08  0.00
23.10  0.00
23.12  0.00
23.13  0.00
23.15  0.00
23.17  0.00
23.18  0.00
23.20  0.00
23.22  0.00
23.23  0.00
23.25  0.00
23.27  0.00
23.28  0.00
23.30  0.00
23.32  0.00
23.33  0.00
23.35  0.00
23.37  0.00
23.38  0.00
23.40  0.00
23.42  0.00
23.43  0.00
23.45  0.00
23.47  0.00
23.48  0.00
23.50  0.00
23.52  0.00
23.53  0.00
23.55  0.00
23.57  0.00
23.58  0.00
23.60  0.00
23.62  0.00
23.63  0.00
23.65  0.00
23.67  0.00
23.68  0.00
23.70  0.00
23.72  0.00
23.73  0.00
23.75  0.00
23.77  0.00
23.78  0.00
23.80  0.00
23.82  0.00
23.83  0.00
23.85  0.00
23.87  0.00
23.88  0.00
23.90  0.00
23.92  0.00
23.93  0.00
23.95  0.00
23.97  0.00
23.98  0.00

