genericdec
-3.60   40.15
13   5   2015
0.00  0.00
0.02  0.00
0.03  0.00
0.05  0.00
0.07  0.00
0.08  0.00
0.10  0.00
0.12  0.00
0.13  0.00
0.15  0.00
0.17  0.00
0.18  0.00
0.20  0.00
0.22  0.00
0.23  0.00
0.25  0.00
0.27  0.00
0.28  0.00
0.30  0.00
0.32  0.00
0.33  0.00
0.35  0.00
0.37  0.00
0.38  0.00
0.40  0.00
0.42  0.00
0.43  0.00
0.45  0.00
0.47  0.00
0.48  0.00
0.50  0.00
0.52  0.00
0.53  0.00
0.55  0.00
0.57  0.00
0.58  0.00
0.60  0.00
0.62  0.00
0.63  0.00
0.65  0.00
0.67  0.00
0.68  0.00
0.70  0.00
0.72  0.00
0.73  0.00
0.75  0.00
0.77  0.00
0.78  0.00
0.80  0.00
0.82  0.00
0.83  0.00
0.85  0.00
0.87  0.00
0.88  0.00
0.90  0.00
0.92  0.00
0.93  0.00
0.95  0.00
0.97  0.00
0.98  0.00
1.00  0.00
1.02  0.00
1.03  0.00
1.05  0.00
1.07  0.00
1.08  0.00
1.10  0.00
1.12  0.00
1.13  0.00
1.15  0.00
1.17  0.00
1.18  0.00
1.20  0.00
1.22  0.00
1.23  0.00
1.25  0.00
1.27  0.00
1.28  0.00
1.30  0.00
1.32  0.00
1.33  0.00
1.35  0.00
1.37  0.00
1.38  0.00
1.40  0.00
1.42  0.00
1.43  0.00
1.45  0.00
1.47  0.00
1.48  0.00
1.50  0.00
1.52  0.00
1.53  0.00
1.55  0.00
1.57  0.00
1.58  0.00
1.60  0.00
1.62  0.00
1.63  0.00
1.65  0.00
1.67  0.00
1.68  0.00
1.68  0.00
1.70  0.00
1.72  0.00
1.73  0.00
1.75  0.00
1.77  0.00
1.78  0.00
1.80  0.00
1.82  0.00
1.83  0.00
1.85  0.00
1.87  0.00
1.88  0.00
1.90  0.00
1.92  0.00
1.93  0.00
1.95  0.00
1.97  0.00
1.98  0.00
2.00  0.00
2.02  0.00
2.03  0.00
2.05  0.00
2.07  0.00
2.08  0.00
2.10  0.00
2.12  0.00
2.13  0.00
2.15  0.00
2.17  0.00
2.18  0.00
2.20  0.00
2.22  0.00
2.23  0.00
2.25  0.00
2.27  0.00
2.28  0.00
2.30  0.00
2.32  0.00
2.33  0.00
2.35  0.00
2.37  0.00
2.38  0.00
2.40  0.00
2.42  0.00
2.43  0.00
2.45  0.00
2.47  0.00
2.48  0.00
2.50  0.00
2.52  0.00
2.53  0.00
2.55  0.00
2.57  0.00
2.58  0.00
2.60  0.00
2.62  0.00
2.63  0.00
2.65  0.00
2.67  0.00
2.68  0.00
2.70  0.00
2.72  0.00
2.73  0.00
2.75  0.00
2.77  0.00
2.78  0.00
2.80  0.00
2.82  0.00
2.83  0.00
2.85  0.00
2.87  0.00
2.88  0.00
2.90  0.00
2.92  0.00
2.93  0.00
2.95  0.00
2.97  0.00
2.98  0.00
3.00  0.00
3.02  0.00
3.03  0.00
3.05  0.00
3.07  0.00
3.08  0.00
3.10  0.00
3.12  0.00
3.13  0.00
3.15  0.00
3.17  0.00
3.18  0.00
3.20  0.00
3.22  0.00
3.23  0.00
3.25  0.00
3.27  0.00
3.28  0.00
3.30  0.00
3.32  0.00
3.33  0.00
3.35  0.00
3.37  0.00
3.38  0.00
3.40  0.00
3.42  0.00
3.43  0.00
3.45  0.00
3.47  0.00
3.48  0.00
3.50  0.00
3.52  0.00
3.53  0.00
3.55  0.00
3.57  0.00
3.58  0.00
3.60  0.00
3.62  0.00
3.63  0.00
3.65  0.00
3.67  0.00
3.68  0.00
3.70  0.00
3.72  0.00
3.73  0.00
3.75  0.00
3.77  0.00
3.78  0.00
3.80  0.00
3.82  0.00
3.83  0.00
3.85  0.00
3.87  0.00
3.88  0.00
3.90  0.00
3.92  0.00
3.93  0.00
3.95  0.00
3.97  0.00
3.98  0.00
4.00  0.00
4.02  0.00
4.03  0.00
4.05  0.00
4.07  0.00
4.08  0.00
4.10  0.00
4.12  0.00
4.13  0.00
4.15  0.00
4.17  0.00
4.18  0.00
4.20  0.00
4.22  0.00
4.23  0.00
4.25  0.00
4.27  0.00
4.28  0.00
4.30  0.00
4.32  0.00
4.33  0.00
4.35  0.00
4.37  0.00
4.38  0.00
4.40  0.00
4.42  0.00
4.43  0.00
4.45  0.00
4.47  0.01
4.48  0.01
4.50  0.02
4.52  0.02
4.53  0.03
4.55  0.04
4.57  0.05
4.58  0.06
4.60  0.08
4.62  0.09
4.63  0.11
4.65  0.14
4.67  0.17
4.68  0.19
4.70  0.22
4.72  0.25
4.73  0.28
4.75  0.31
4.77  0.34
4.78  0.38
4.80  0.42
4.82  0.47
4.83  0.53
4.85  0.59
4.87  0.64
4.88  0.69
4.90  0.72
4.92  0.76
4.93  0.79
4.95  0.83
4.97  0.88
4.98  0.93
5.00  0.98
5.02  1.04
5.03  1.11
5.05  1.17
5.07  1.23
5.08  1.29
5.10  1.35
5.12  1.40
5.13  1.46
5.15  1.51
5.17  1.55
5.18  1.59
5.20  1.62
5.22  1.65
5.23  1.68
5.25  1.71
5.27  1.74
5.28  1.77
5.30  1.80
5.32  1.83
5.33  1.86
5.35  1.89
5.37  1.93
5.38  1.96
5.40  1.99
5.42  2.02
5.43  2.05
5.45  2.08
5.47  2.10
5.48  2.14
5.50  2.16
5.52  2.19
5.53  2.23
5.55  2.28
5.57  2.32
5.58  2.37
5.60  2.42
5.62  2.46
5.63  2.51
5.65  2.56
5.67  2.60
5.68  2.64
5.70  2.68
5.72  2.73
5.73  2.77
5.75  2.80
5.77  2.83
5.78  2.86
5.80  2.88
5.82  2.91
5.83  2.94
5.85  2.98
5.87  3.01
5.88  3.04
5.90  3.07
5.92  3.09
5.93  3.11
5.95  3.13
5.97  3.14
5.98  3.15
6.00  3.17
6.02  3.18
6.03  3.17
6.05  3.17
6.07  3.21
6.08  3.22
6.10  3.23
6.12  3.24
6.13  3.27
6.15  3.30
6.17  3.33
6.18  3.35
6.20  3.32
6.22  3.34
6.23  3.36
6.25  3.39
6.27  3.43
6.28  3.49
6.30  3.53
6.32  3.56
6.33  3.59
6.35  3.59
6.37  3.61
6.38  3.61
6.40  3.62
6.42  3.60
6.43  3.62
6.45  3.64
6.47  3.64
6.48  3.63
6.50  3.61
6.52  3.48
6.53  3.47
6.55  3.47
6.57  3.47
6.58  3.47
6.60  3.48
6.62  3.46
6.63  3.48
6.65  3.52
6.67  3.57
6.68  3.57
6.70  3.66
6.72  3.74
6.73  3.76
6.75  3.77
6.77  3.77
6.78  3.78
6.80  3.78
6.82  3.78
6.83  3.76
6.85  3.74
6.87  3.73
6.88  3.71
6.90  3.72
6.92  3.81
6.93  3.84
6.95  3.85
6.97  3.86
6.98  3.87
7.00  3.88
7.02  3.88
7.03  3.89
7.05  3.90
7.07  3.90
7.08  3.90
7.10  3.90
7.12  3.89
7.13  3.86
7.15  3.83
7.17  3.89
7.18  3.91
7.20  3.91
7.22  3.90
7.23  3.88
7.25  3.89
7.27  3.91
7.28  3.93
7.30  3.95
7.32  3.96
7.33  3.96
7.35  3.96
7.37  3.96
7.38  3.96
7.40  3.96
7.42  3.94
7.43  3.93
7.45  3.95
7.47  3.95
7.48  3.97
7.50  3.98
7.52  3.99
7.53  4.00
7.55  4.01
7.57  4.01
7.58  4.00
7.60  4.01
7.62  4.01
7.63  4.01
7.65  3.97
7.67  3.99
7.68  4.01
7.70  4.01
7.72  4.02
7.73  4.03
7.75  4.03
7.77  4.03
7.78  4.04
7.80  4.03
7.82  4.04
7.83  4.05
7.85  4.05
7.87  4.03
7.88  4.02
7.90  4.03
7.92  4.07
7.93  4.03
7.95  4.05
7.97  4.06
7.98  4.00
8.00  3.99
8.02  4.03
8.03  4.03
8.05  4.03
8.07  4.06
8.08  4.03
8.10  4.03
8.12  4.00
8.13  3.98
8.15  4.06
8.17  4.07
8.18  4.07
8.20  4.07
8.22  4.08
8.23  4.04
8.25  4.02
8.27  4.04
8.28  4.01
8.30  4.02
8.32  4.06
8.33  4.09
8.35  4.01
8.37  3.98
8.38  4.01
8.40  4.07
8.42  4.07
8.43  4.06
8.45  4.03
8.47  4.08
8.48  4.08
8.50  4.09
8.52  4.08
8.53  4.09
8.55  4.13
8.57  4.14
8.58  4.14
8.60  4.14
8.62  4.14
8.63  4.14
8.65  4.09
8.67  4.12
8.68  4.14
8.70  4.15
8.72  4.15
8.73  4.14
8.75  4.14
8.77  4.14
8.78  4.14
8.80  4.13
8.82  4.13
8.83  4.14
8.85  4.15
8.87  4.15
8.88  4.15
8.90  4.15
8.92  4.16
8.93  4.16
8.95  4.11
8.97  4.12
8.98  4.15
9.00  4.16
9.02  4.17
9.03  4.16
9.05  4.14
9.07  4.16
9.08  4.17
9.10  4.17
9.12  4.17
9.13  4.15
9.15  4.16
9.17  4.17
9.18  4.16
9.20  4.13
9.22  4.13
9.23  4.17
9.25  4.17
9.27  4.18
9.28  4.18
9.30  4.18
9.32  4.18
9.33  4.16
9.35  4.14
9.37  4.16
9.38  4.16
9.40  4.18
9.42  4.18
9.43  4.18
9.45  4.18
9.47  4.18
9.48  4.18
9.50  4.17
9.52  4.18
9.53  4.18
9.55  4.19
9.57  4.19
9.58  4.19
9.60  4.19
9.62  4.19
9.63  4.19
9.65  4.17
9.67  4.17
9.68  4.16
9.70  4.17
9.72  4.18
9.73  4.19
9.75  4.18
9.77  4.18
9.78  4.18
9.80  4.18
9.82  4.18
9.83  4.19
9.85  4.18
9.87  4.18
9.88  4.18
9.90  4.18
9.92  4.18
9.93  4.18
9.95  4.18
9.97  4.18
9.98  4.17
10.00  4.18
10.02  4.18
10.03  4.18
10.05  4.19
10.07  4.19
10.08  4.19
10.10  4.20
10.12  4.19
10.13  4.18
10.15  4.18
10.17  4.19
10.18  4.19
10.20  4.20
10.22  4.20
10.23  4.21
10.25  4.21
10.27  4.21
10.28  4.21
10.30  4.21
10.32  4.21
10.33  4.20
10.35  4.20
10.37  4.21
10.38  4.21
10.40  4.18
10.42  4.20
10.43  4.20
10.45  4.20
10.47  4.19
10.48  4.20
10.50  4.20
10.52  4.16
10.53  4.16
10.55  4.19
10.57  4.19
10.58  4.20
10.60  4.20
10.62  4.19
10.63  4.20
10.65  4.20
10.67  4.19
10.68  4.20
10.70  4.18
10.72  4.17
10.73  4.20
10.75  4.20
10.77  4.20
10.78  4.20
10.80  4.20
10.82  4.20
10.83  4.20
10.85  4.20
10.87  4.20
10.88  4.19
10.90  4.19
10.92  4.18
10.93  4.17
10.95  4.18
10.97  4.19
10.98  4.19
11.00  4.17
11.02  4.18
11.03  4.18
11.05  4.19
11.07  4.18
11.08  4.18
11.10  4.18
11.12  4.18
11.13  4.18
11.15  4.18
11.17  4.17
11.18  4.17
11.20  4.17
11.22  4.17
11.23  4.17
11.25  4.17
11.27  4.17
11.28  4.16
11.30  4.16
11.32  4.15
11.33  4.15
11.35  4.15
11.37  4.14
11.38  4.05
11.40  3.87
11.42  3.81
11.43  3.80
11.45  3.79
11.47  3.78
11.48  3.78
11.50  3.77
11.52  3.76
11.53  3.76
11.55  3.75
11.57  3.75
11.58  3.75
11.60  3.75
11.62  3.74
11.63  3.73
11.65  3.73
11.67  3.72
11.68  3.71
11.70  3.71
11.72  3.70
11.73  3.70
11.75  3.69
11.77  3.69
11.78  3.69
11.80  3.69
11.82  3.68
11.83  3.68
11.85  3.68
11.87  3.67
11.88  3.67
11.90  3.66
11.92  3.66
11.93  3.65
11.95  3.65
11.97  3.65
11.98  3.65
12.00  3.64
12.02  3.64
12.03  3.63
12.05  3.63
12.07  3.62
12.08  3.62
12.10  3.61
12.12  3.61
12.13  3.61
12.15  3.60
12.17  3.60
12.18  3.60
12.20  3.59
12.22  3.59
12.23  3.59
12.25  3.59
12.27  3.59
12.28  3.59
12.30  3.59
12.32  3.58
12.33  3.58
12.35  3.58
12.37  3.57
12.38  3.57
12.40  3.56
12.42  3.56
12.43  3.56
12.45  3.56
12.47  3.55
12.48  3.55
12.50  3.54
12.52  3.54
12.53  3.54
12.55  3.54
12.57  3.54
12.58  3.54
12.60  3.53
12.62  3.53
12.63  3.53
12.65  3.52
12.67  3.52
12.68  3.52
12.70  3.51
12.72  3.50
12.73  3.50
12.75  3.49
12.77  3.48
12.78  3.48
12.80  3.48
12.82  3.48
12.83  3.47
12.85  3.48
12.87  3.47
12.88  3.47
12.90  3.47
12.92  3.47
12.93  3.47
12.95  3.47
12.97  3.47
12.98  3.46
13.00  3.46
13.02  3.45
13.03  3.45
13.05  3.45
13.07  3.45
13.08  3.45
13.10  3.44
13.12  3.44
13.13  3.43
13.15  3.42
13.17  3.42
13.18  3.42
13.20  3.42
13.22  3.43
13.23  3.43
13.25  3.43
13.27  3.42
13.28  3.41
13.30  3.41
13.32  3.41
13.33  3.41
13.35  3.42
13.37  3.42
13.38  3.41
13.40  3.40
13.42  3.40
13.43  3.40
13.45  3.39
13.47  3.38
13.48  3.38
13.50  3.38
13.52  3.38
13.53  3.37
13.55  3.37
13.57  3.37
13.58  3.37
13.60  3.38
13.62  3.38
13.63  3.38
13.65  3.39
13.67  3.39
13.68  3.39
13.70  3.39
13.72  3.38
13.73  3.38
13.75  3.38
13.77  3.38
13.78  3.37
13.80  3.37
13.82  3.37
13.83  3.37
13.85  3.37
13.87  3.37
13.88  3.37
13.90  3.37
13.92  3.38
13.93  3.39
13.95  3.40
13.97  3.40
13.98  3.40
14.00  3.40
14.02  3.40
14.03  3.40
14.05  3.39
14.07  3.38
14.08  3.37
14.10  3.37
14.12  3.36
14.13  3.36
14.15  3.36
14.17  3.35
14.18  3.35
14.20  3.35
14.22  3.35
14.23  3.35
14.25  3.34
14.27  3.34
14.28  3.34
14.30  3.34
14.32  3.33
14.33  3.33
14.35  3.33
14.37  3.33
14.38  3.34
14.40  3.34
14.42  3.34
14.43  3.35
14.45  3.35
14.47  3.36
14.48  3.36
14.50  3.36
14.52  3.36
14.53  3.36
14.55  3.36
14.57  3.35
14.58  3.36
14.60  3.36
14.62  3.36
14.63  3.37
14.65  3.37
14.67  3.36
14.68  3.36
14.70  3.36
14.72  3.36
14.73  3.35
14.75  3.34
14.77  3.34
14.78  3.34
14.80  3.33
14.82  3.33
14.83  3.33
14.85  3.33
14.87  3.33
14.88  3.34
14.90  3.34
14.92  3.34
14.93  3.33
14.95  3.33
14.97  3.34
14.98  3.33
15.00  3.33
15.02  3.33
15.03  3.33
15.05  3.33
15.07  3.33
15.08  3.33
15.10  3.33
15.12  3.32
15.13  3.32
15.15  3.31
15.17  3.31
15.18  3.32
15.20  3.32
15.22  3.33
15.23  3.33
15.25  3.33
15.27  3.34
15.28  3.34
15.30  3.35
15.32  3.35
15.33  3.36
15.35  3.36
15.37  3.36
15.38  3.36
15.40  3.36
15.42  3.36
15.43  3.37
15.45  3.37
15.47  3.38
15.48  3.38
15.50  3.38
15.52  3.39
15.53  3.39
15.55  3.39
15.57  3.39
15.58  3.40
15.60  3.40
15.62  3.40
15.63  3.39
15.65  3.39
15.67  3.39
15.68  3.39
15.70  3.39
15.72  3.40
15.73  3.40
15.75  3.40
15.77  3.40
15.78  3.39
15.80  3.39
15.82  3.38
15.83  3.37
15.85  3.37
15.87  3.36
15.88  3.36
15.90  3.35
15.92  3.35
15.93  3.34
15.95  3.33
15.97  3.33
15.98  3.32
16.00  3.31
16.02  3.31
16.03  3.31
16.05  3.30
16.07  3.30
16.08  3.30
16.10  3.30
16.12  3.29
16.13  3.29
16.15  3.29
16.17  3.29
16.18  3.29
16.20  3.29
16.22  3.29
16.23  3.29
16.25  3.29
16.27  3.29
16.28  3.28
16.30  3.28
16.32  3.27
16.33  3.27
16.35  3.26
16.37  3.26
16.38  3.26
16.40  3.26
16.42  3.26
16.43  3.25
16.45  3.25
16.47  3.25
16.48  3.25
16.50  3.24
16.52  3.24
16.53  3.24
16.55  3.24
16.55  3.23
16.57  3.23
16.58  3.22
16.60  3.22
16.62  3.21
16.63  3.21
16.65  3.20
16.67  3.19
16.68  3.19
16.70  3.18
16.72  3.17
16.73  3.17
16.75  3.16
16.77  3.15
16.78  3.14
16.80  3.13
16.82  3.12
16.83  3.12
16.85  3.11
16.87  3.10
16.88  3.09
16.90  3.08
16.92  3.06
16.93  3.05
16.95  3.05
16.97  3.04
16.98  3.03
17.00  3.02
17.02  3.01
17.03  3.00
17.05  2.98
17.07  2.98
17.08  2.97
17.10  2.95
17.12  2.94
17.13  2.92
17.15  2.91
17.17  2.91
17.18  2.90
17.20  2.89
17.22  2.88
17.23  2.87
17.25  2.86
17.27  2.85
17.28  2.85
17.30  2.85
17.32  2.85
17.33  2.85
17.35  2.85
17.37  2.83
17.38  2.82
17.40  2.82
17.42  2.81
17.43  2.81
17.45  2.81
17.47  2.81
17.48  2.81
17.50  2.80
17.52  2.80
17.53  2.79
17.55  2.78
17.57  2.76
17.58  2.75
17.60  2.73
17.62  2.72
17.63  2.71
17.65  2.69
17.67  2.67
17.68  2.66
17.70  2.64
17.72  2.63
17.73  2.61
17.75  2.59
17.77  2.57
17.78  2.56
17.80  2.53
17.82  2.50
17.83  2.49
17.85  2.47
17.87  2.45
17.88  2.44
17.90  2.43
17.92  2.42
17.93  2.41
17.95  2.39
17.97  2.38
17.98  2.38
18.00  2.37
18.02  2.36
18.03  2.36
18.05  2.35
18.07  2.34
18.08  2.34
18.10  2.33
18.12  2.33
18.13  2.31
18.15  2.30
18.17  2.28
18.18  2.26
18.20  2.25
18.22  2.24
18.23  2.23
18.25  2.22
18.27  2.20
18.28  2.19
18.30  2.17
18.32  2.16
18.33  2.14
18.35  2.12
18.37  2.10
18.38  2.09
18.40  2.07
18.42  2.05
18.43  2.02
18.45  2.00
18.47  1.98
18.48  1.96
18.50  1.94
18.52  1.93
18.53  1.91
18.55  1.89
18.57  1.87
18.58  1.84
18.60  1.81
18.62  1.78
18.63  1.75
18.65  1.72
18.67  1.70
18.68  1.67
18.70  1.65
18.72  1.63
18.73  1.60
18.75  1.57
18.77  1.53
18.78  1.49
18.80  1.45
18.82  1.41
18.83  1.38
18.85  1.35
18.87  1.31
18.88  1.27
18.90  1.23
18.92  1.19
18.93  1.15
18.95  1.11
18.97  1.07
18.98  1.04
19.00  1.01
19.02  0.97
19.03  0.93
19.05  0.89
19.07  0.85
19.08  0.82
19.10  0.78
19.12  0.74
19.13  0.70
19.15  0.67
19.17  0.63
19.18  0.59
19.20  0.55
19.22  0.51
19.23  0.47
19.25  0.43
19.27  0.39
19.28  0.36
19.30  0.33
19.32  0.30
19.33  0.28
19.35  0.26
19.37  0.24
19.38  0.22
19.40  0.20
19.42  0.18
19.43  0.16
19.45  0.14
19.47  0.12
19.48  0.10
19.50  0.09
19.52  0.07
19.53  0.06
19.55  0.05
19.57  0.04
19.58  0.03
19.60  0.02
19.62  0.02
19.63  0.01
19.65  0.01
19.67  0.00
19.68  0.00
19.70  0.00
19.72  0.00
19.73  0.00
19.75  0.00
19.77  0.00
19.78  0.00
19.80  0.00
19.82  0.00
19.83  0.00
19.85  0.00
19.87  0.00
19.88  0.00
19.90  0.00
19.92  0.00
19.93  0.00
19.95  0.00
19.97  0.00
19.98  0.00
20.00  0.00
20.02  0.00
20.03  0.00
20.05  0.00
20.07  0.00
20.08  0.00
20.10  0.00
20.12  0.00
20.13  0.00
20.15  0.00
20.17  0.00
20.18  0.00
20.20  0.00
20.22  0.00
20.23  0.00
20.25  0.00
20.27  0.00
20.28  0.00
20.30  0.00
20.32  0.00
20.33  0.00
20.35  0.00
20.37  0.00
20.38  0.00
20.40  0.00
20.42  0.00
20.43  0.00
20.45  0.00
20.47  0.00
20.48  0.00
20.50  0.00
20.52  0.00
20.53  0.00
20.55  0.00
20.57  0.00
20.58  0.00
20.60  0.00
20.62  0.00
20.63  0.00
20.65  0.00
20.67  0.00
20.68  0.00
20.70  0.00
20.72  0.00
20.73  0.00
20.75  0.00
20.77  0.00
20.78  0.00
20.80  0.00
20.82  0.00
20.83  0.00
20.85  0.00
20.87  0.00
20.88  0.00
20.90  0.00
20.92  0.00
20.93  0.00
20.95  0.00
20.97  0.00
20.98  0.00
21.00  0.00
21.02  0.00
21.03  0.00
21.05  0.00
21.07  0.00
21.08  0.00
21.10  0.00
21.12  0.00
21.13  0.00
21.15  0.00
21.17  0.00
21.18  0.00
21.20  0.00
21.22  0.00
21.23  0.00
21.25  0.00
21.27  0.00
21.28  0.00
21.30  0.00
21.32  0.00
21.33  0.00
21.35  0.00
21.37  0.00
21.38  0.00
21.40  0.00
21.42  0.00
21.43  0.00
21.45  0.00
21.47  0.00
21.48  0.00
21.50  0.00
21.52  0.00
21.53  0.00
21.55  0.00
21.57  0.00
21.58  0.00
21.60  0.00
21.62  0.00
21.63  0.00
21.65  0.00
21.67  0.00
21.68  0.00
21.70  0.00
21.72  0.00
21.73  0.00
21.75  0.00
21.77  0.00
21.78  0.00
21.80  0.00
21.82  0.00
21.83  0.00
21.85  0.00
21.87  0.00
21.88  0.00
21.90  0.00
21.92  0.00
21.93  0.00
21.95  0.00
21.97  0.00
21.98  0.00
22.00  0.00
22.02  0.00
22.03  0.00
22.05  0.00
22.07  0.00
22.08  0.00
22.10  0.00
22.12  0.00
22.13  0.00
22.15  0.00
22.17  0.00
22.18  0.00
22.20  0.00
22.22  0.00
22.23  0.00
22.25  0.00
22.27  0.00
22.28  0.00
22.30  0.00
22.32  0.00
22.33  0.00
22.35  0.00
22.37  0.00
22.38  0.00
22.40  0.00
22.42  0.00
22.43  0.00
22.45  0.00
22.47  0.00
22.48  0.00
22.50  0.00
22.52  0.00
22.53  0.00
22.55  0.00
22.57  0.00
22.58  0.00
22.60  0.00
22.62  0.00
22.63  0.00
22.65  0.00
22.67  0.00
22.68  0.00
22.70  0.00
22.72  0.00
22.73  0.00
22.75  0.00
22.77  0.00
22.78  0.00
22.80  0.00
22.82  0.00
22.83  0.00
22.85  0.00
22.87  0.00
22.88  0.00
22.90  0.00
22.92  0.00
22.93  0.00
22.95  0.00
22.97  0.00
22.98  0.00
23.00  0.00
23.02  0.00
23.03  0.00
23.05  0.00
23.07  0.00
23.08  0.00
23.10  0.00
23.12  0.00
23.13  0.00
23.15  0.00
23.17  0.00
23.18  0.00
23.20  0.00
23.22  0.00
23.23  0.00
23.25  0.00
23.27  0.00
23.28  0.00
23.30  0.00
23.32  0.00
23.33  0.00
23.35  0.00
23.37  0.00
23.38  0.00
23.40  0.00
23.42  0.00
23.43  0.00
23.45  0.00
23.47  0.00
23.48  0.00
23.50  0.00
23.52  0.00
23.53  0.00
23.55  0.00
23.57  0.00
23.58  0.00
23.60  0.00
23.62  0.00
23.63  0.00
23.65  0.00
23.67  0.00
23.68  0.00
23.70  0.00
23.72  0.00
23.73  0.00
23.75  0.00
23.77  0.00
23.78  0.00
23.80  0.00
23.82  0.00
23.83  0.00
23.85  0.00
23.87  0.00
23.88  0.00
23.90  0.00
23.92  0.00
23.93  0.00
23.95  0.00
23.97  0.00
23.98  0.00
