genericdec
-3.60   40.15
14   5   2015
0.00  0.00
0.02  0.00
0.03  0.00
0.05  0.00
0.07  0.00
0.08  0.00
0.10  0.00
0.12  0.00
0.13  0.00
0.15  0.00
0.17  0.00
0.18  0.00
0.20  0.00
0.22  0.00
0.23  0.00
0.25  0.00
0.27  0.00
0.28  0.00
0.30  0.00
0.32  0.00
0.33  0.00
0.35  0.00
0.37  0.00
0.38  0.00
0.40  0.00
0.42  0.00
0.43  0.00
0.45  0.00
0.47  0.00
0.48  0.00
0.50  0.00
0.52  0.00
0.53  0.00
0.55  0.00
0.57  0.00
0.58  0.00
0.60  0.00
0.62  0.00
0.63  0.00
0.65  0.00
0.67  0.00
0.68  0.00
0.70  0.00
0.72  0.00
0.73  0.00
0.75  0.00
0.77  0.00
0.78  0.00
0.80  0.00
0.82  0.00
0.83  0.00
0.85  0.00
0.87  0.00
0.88  0.00
0.90  0.00
0.92  0.00
0.93  0.00
0.95  0.00
0.97  0.00
0.98  0.00
1.00  0.00
1.02  0.00
1.03  0.00
1.05  0.00
1.07  0.00
1.08  0.00
1.10  0.00
1.12  0.00
1.13  0.00
1.15  0.00
1.17  0.00
1.18  0.00
1.20  0.00
1.22  0.00
1.23  0.00
1.25  0.00
1.27  0.00
1.28  0.00
1.30  0.00
1.32  0.00
1.33  0.00
1.35  0.00
1.37  0.00
1.38  0.00
1.40  0.00
1.42  0.00
1.43  0.00
1.45  0.00
1.47  0.00
1.48  0.00
1.50  0.00
1.52  0.00
1.53  0.00
1.55  0.00
1.57  0.00
1.58  0.00
1.60  0.00
1.62  0.00
1.63  0.00
1.65  0.00
1.67  0.00
1.68  0.00
1.70  0.00
1.72  0.00
1.73  0.00
1.75  0.00
1.77  0.00
1.78  0.00
1.80  0.00
1.82  0.00
1.83  0.00
1.85  0.00
1.87  0.00
1.88  0.00
1.90  0.00
1.92  0.00
1.93  0.00
1.95  0.00
1.97  0.00
1.98  0.00
2.00  0.00
2.02  0.00
2.03  0.00
2.05  0.00
2.07  0.00
2.08  0.00
2.10  0.00
2.12  0.00
2.13  0.00
2.15  0.00
2.17  0.00
2.18  0.00
2.20  0.00
2.22  0.00
2.23  0.00
2.25  0.00
2.27  0.00
2.28  0.00
2.30  0.00
2.32  0.00
2.33  0.00
2.35  0.00
2.37  0.00
2.38  0.00
2.40  0.00
2.42  0.00
2.43  0.00
2.45  0.00
2.47  0.00
2.48  0.00
2.50  0.00
2.52  0.00
2.53  0.00
2.55  0.00
2.57  0.00
2.58  0.00
2.60  0.00
2.62  0.00
2.63  0.00
2.65  0.00
2.67  0.00
2.68  0.00
2.70  0.00
2.72  0.00
2.73  0.00
2.75  0.00
2.77  0.00
2.78  0.00
2.80  0.00
2.82  0.00
2.83  0.00
2.85  0.00
2.87  0.00
2.88  0.00
2.90  0.00
2.92  0.00
2.93  0.00
2.95  0.00
2.97  0.00
2.98  0.00
3.00  0.00
3.02  0.00
3.03  0.00
3.05  0.00
3.07  0.00
3.08  0.00
3.10  0.00
3.12  0.00
3.13  0.00
3.15  0.00
3.17  0.00
3.18  0.00
3.20  0.00
3.22  0.00
3.23  0.00
3.25  0.00
3.27  0.00
3.28  0.00
3.30  0.00
3.32  0.00
3.33  0.00
3.35  0.00
3.37  0.00
3.38  0.00
3.40  0.00
3.42  0.00
3.43  0.00
3.45  0.00
3.47  0.00
3.48  0.00
3.50  0.00
3.52  0.00
3.53  0.00
3.55  0.00
3.57  0.00
3.58  0.00
3.60  0.00
3.62  0.00
3.63  0.00
3.65  0.00
3.67  0.00
3.68  0.00
3.70  0.00
3.72  0.00
3.73  0.00
3.75  0.00
3.77  0.00
3.78  0.00
3.80  0.00
3.82  0.00
3.83  0.00
3.85  0.00
3.87  0.00
3.88  0.00
3.90  0.00
3.92  0.00
3.93  0.00
3.95  0.00
3.97  0.00
3.98  0.00
4.00  0.00
4.02  0.00
4.03  0.00
4.05  0.00
4.07  0.00
4.08  0.00
4.10  0.00
4.12  0.00
4.13  0.00
4.15  0.00
4.17  0.00
4.18  0.00
4.20  0.00
4.22  0.00
4.23  0.00
4.25  0.00
4.27  0.00
4.28  0.00
4.30  0.00
4.32  0.00
4.33  0.00
4.35  0.00
4.37  0.00
4.38  0.00
4.40  0.00
4.42  0.00
4.43  0.00
4.45  0.00
4.47  0.00
4.48  0.01
4.50  0.01
4.52  0.01
4.53  0.02
4.55  0.02
4.57  0.03
4.58  0.04
4.60  0.05
4.62  0.06
4.63  0.07
4.65  0.08
4.67  0.09
4.68  0.11
4.70  0.13
4.72  0.15
4.73  0.17
4.75  0.20
4.77  0.22
4.78  0.25
4.80  0.28
4.82  0.31
4.83  0.34
4.85  0.38
4.87  0.42
4.88  0.45
4.90  0.49
4.92  0.52
4.93  0.57
4.95  0.61
4.97  0.65
4.98  0.70
5.00  0.74
5.02  0.79
5.03  0.84
5.05  0.89
5.07  0.94
5.08  1.00
5.10  1.07
5.12  1.13
5.13  1.19
5.15  1.25
5.17  1.31
5.18  1.37
5.20  1.43
5.22  1.48
5.23  1.53
5.25  1.58
5.27  1.63
5.28  1.68
5.30  1.74
5.32  1.79
5.33  1.85
5.35  1.90
5.37  1.96
5.38  2.01
5.40  2.07
5.42  2.11
5.43  2.15
5.45  2.18
5.47  2.21
5.48  2.23
5.50  2.26
5.52  2.29
5.53  2.31
5.55  2.34
5.57  2.36
5.58  2.38
5.60  2.41
5.62  2.44
5.63  2.47
5.65  2.50
5.67  2.52
5.68  2.55
5.70  2.58
5.72  2.61
5.73  2.64
5.75  2.67
5.77  2.70
5.78  2.74
5.80  2.77
5.82  2.81
5.83  2.86
5.85  2.90
5.87  2.95
5.88  3.01
5.90  3.05
5.92  3.09
5.93  3.13
5.95  3.15
5.97  3.18
5.98  3.21
6.00  3.20
6.02  3.21
6.03  3.26
6.05  3.29
6.07  3.28
6.08  3.26
6.10  3.28
6.12  3.26
6.13  3.25
6.15  3.27
6.17  3.29
6.18  3.38
6.20  3.39
6.22  3.43
6.23  3.46
6.25  3.47
6.27  3.44
6.28  3.44
6.30  3.41
6.32  3.34
6.33  3.37
6.35  3.42
6.37  3.49
6.38  3.55
6.40  3.58
6.42  3.59
6.43  3.62
6.45  3.64
6.47  3.66
6.48  3.66
6.50  3.65
6.52  3.70
6.53  3.73
6.55  3.74
6.57  3.75
6.58  3.75
6.58  3.77
6.60  3.77
6.62  3.78
6.63  3.77
6.65  3.75
6.67  3.75
6.68  3.77
6.70  3.76
6.72  3.74
6.73  3.74
6.75  3.72
6.77  3.72
6.78  3.72
6.80  3.76
6.82  3.77
6.83  3.78
6.85  3.79
6.87  3.85
6.88  3.87
6.90  3.88
6.92  3.89
6.93  3.90
6.95  3.90
6.97  3.91
6.98  3.92
7.00  3.93
7.02  3.93
7.03  3.94
7.05  3.95
7.07  3.95
7.08  3.96
7.10  3.96
7.12  3.95
7.13  3.95
7.15  3.93
7.17  3.87
7.18  3.96
7.20  3.96
7.22  3.94
7.23  3.91
7.25  3.93
7.27  3.86
7.28  3.94
7.30  3.94
7.32  4.03
7.33  4.02
7.35  4.03
7.37  4.03
7.38  4.04
7.40  4.03
7.42  4.02
7.43  3.97
7.45  3.96
7.47  3.95
7.48  3.92
7.50  3.98
7.52  3.89
7.53  3.93
7.55  3.97
7.57  3.92
7.58  3.89
7.60  4.02
7.62  4.03
7.63  4.01
7.65  4.08
7.67  4.09
7.68  4.09
7.70  4.10
7.72  4.10
7.73  4.10
7.75  4.10
7.77  4.10
7.78  4.09
7.80  4.10
7.82  4.10
7.83  4.11
7.85  4.10
7.87  4.09
7.88  4.10
7.90  4.11
7.92  4.11
7.93  4.10
7.95  4.11
7.97  4.10
7.98  4.12
8.00  4.13
8.02  4.10
8.03  4.11
8.05  3.94
8.07  3.99
8.08  3.97
8.10  4.01
8.12  4.08
8.13  4.12
8.15  4.15
8.17  4.14
8.18  4.14
8.20  4.14
8.22  4.14
8.23  4.13
8.25  4.14
8.27  4.15
8.28  4.15
8.30  4.15
8.32  4.15
8.33  4.16
8.35  4.17
8.37  4.17
8.38  4.17
8.40  4.17
8.42  4.17
8.43  4.18
8.45  4.18
8.47  4.18
8.48  4.18
8.50  4.18
8.52  4.10
8.53  4.02
8.55  3.99
8.57  4.08
8.58  4.14
8.60  4.17
8.62  4.17
8.63  4.15
8.65  4.15
8.67  4.16
8.68  4.18
8.70  4.18
8.72  4.19
8.73  4.19
8.75  4.19
8.77  4.19
8.78  4.19
8.80  4.19
8.82  4.16
8.83  4.18
8.85  4.19
8.87  4.19
8.88  4.20
8.90  4.20
8.92  4.20
8.93  4.17
8.95  4.21
8.97  4.22
8.98  4.16
9.00  4.03
9.02  4.21
9.03  3.92
9.05  3.97
9.07  3.97
9.08  3.85
9.10  3.88
9.12  4.02
9.13  3.93
9.15  4.01
9.17  3.95
9.18  3.94
9.20  3.91
9.22  3.92
9.23  3.94
9.25  3.94
9.27  3.90
9.28  3.92
9.30  3.88
9.32  3.91
9.33  3.98
9.35  3.96
9.37  3.99
9.38  4.04
9.40  4.05
9.42  4.12
9.43  3.99
9.45  4.02
9.47  4.07
9.48  4.06
9.50  4.06
9.52  4.09
9.53  4.11
9.55  4.02
9.57  4.01
9.58  4.12
9.60  3.98
9.62  4.14
9.63  4.10
9.65  4.00
9.67  4.03
9.68  4.09
9.70  4.07
9.72  3.96
9.73  4.02
9.75  3.92
9.77  3.99
9.78  3.92
9.80  3.95
9.82  3.97
9.83  3.89
9.85  3.95
9.87  3.94
9.88  3.87
9.90  3.89
9.92  3.99
9.93  4.03
9.95  3.97
9.97  3.92
9.98  3.94
10.00  4.04
10.02  4.03
10.03  4.04
10.05  4.09
10.07  4.19
10.08  4.16
10.10  4.24
10.12  4.20
10.13  4.23
10.15  4.23
10.17  4.19
10.18  4.16
10.20  4.21
10.22  4.20
10.23  4.21
10.25  4.22
10.27  4.18
10.28  4.18
10.30  4.14
10.32  4.15
10.33  4.10
10.35  4.08
10.37  4.11
10.38  4.11
10.40  4.14
10.42  4.15
10.43  4.14
10.45  4.18
10.47  4.20
10.48  4.18
10.50  4.21
10.52  4.12
10.53  4.14
10.55  4.22
10.57  4.18
10.58  4.23
10.60  4.19
10.62  4.22
10.63  4.23
10.65  4.15
10.67  4.19
10.68  4.20
10.70  4.17
10.72  4.15
10.73  4.22
10.75  4.19
10.77  4.16
10.78  4.18
10.80  4.23
10.82  4.24
10.83  4.24
10.85  4.24
10.87  4.20
10.88  4.23
10.90  4.23
10.92  4.23
10.93  4.24
10.95  4.24
10.97  4.23
10.98  4.24
11.00  4.24
11.02  4.24
11.03  4.24
11.05  4.24
11.07  4.24
11.08  4.24
11.10  4.21
11.12  4.18
11.13  4.19
11.15  4.24
11.17  4.21
11.18  4.23
11.20  4.22
11.22  4.18
11.23  4.23
11.25  4.23
11.27  4.20
11.28  4.06
11.30  4.14
11.32  4.22
11.33  4.23
11.35  4.19
11.37  4.17
11.38  4.05
11.40  3.82
11.42  3.77
11.43  3.76
11.45  3.74
11.47  3.73
11.48  3.72
11.50  3.69
11.52  3.69
11.53  3.69
11.55  3.68
11.57  3.66
11.58  3.66
11.60  3.66
11.62  3.64
11.63  3.62
11.65  3.61
11.67  3.60
11.68  3.58
11.70  3.57
11.72  3.55
11.73  3.54
11.75  3.52
11.77  3.46
11.78  3.45
11.80  3.48
11.82  3.51
11.83  3.51
11.85  3.50
11.87  3.49
11.88  3.46
11.90  3.42
11.92  3.45
11.93  3.46
11.95  3.47
11.97  3.47
11.98  3.48
12.00  3.46
12.02  3.45
12.03  3.44
12.05  3.43
12.07  3.41
12.08  3.37
12.10  3.33
12.12  3.27
12.13  3.34
12.15  3.38
12.17  3.38
12.18  3.35
12.20  3.35
12.22  3.34
12.23  3.33
12.25  3.33
12.27  3.32
12.28  3.31
12.30  3.30
12.32  3.29
12.33  3.29
12.35  3.28
12.37  3.27
12.38  3.26
12.40  3.26
12.42  3.25
12.43  3.25
12.45  3.24
12.47  3.24
12.48  3.24
12.50  3.23
12.52  3.23
12.53  3.22
12.55  3.21
12.57  3.21
12.58  3.21
12.60  3.20
12.62  3.20
12.63  3.20
12.65  3.21
12.67  3.21
12.68  3.21
12.70  3.21
12.72  3.21
12.73  3.21
12.75  3.20
12.77  3.20
12.78  3.19
12.80  3.17
12.82  3.17
12.83  3.16
12.85  3.16
12.87  3.15
12.88  3.15
12.90  3.14
12.92  3.14
12.93  3.13
12.95  3.13
12.97  3.12
12.98  3.12
13.00  3.11
13.02  3.10
13.03  3.10
13.05  3.08
13.07  3.07
13.08  3.07
13.10  3.06
13.12  3.05
13.13  3.04
13.15  3.03
13.17  3.03
13.18  3.03
13.20  3.03
13.22  3.03
13.23  3.02
13.25  3.01
13.27  3.01
13.28  3.00
13.30  3.00
13.32  2.99
13.33  2.98
13.35  2.98
13.37  2.97
13.38  2.97
13.40  2.96
13.42  2.95
13.43  2.95
13.45  2.94
13.47  2.94
13.48  2.93
13.50  2.93
13.52  2.93
13.53  2.92
13.55  2.92
13.57  2.92
13.58  2.91
13.60  2.91
13.62  2.91
13.63  2.90
13.65  2.89
13.67  2.89
13.68  2.89
13.70  2.88
13.72  2.88
13.73  2.87
13.75  2.86
13.77  2.87
13.78  2.86
13.80  2.86
13.82  2.86
13.83  2.86
13.85  2.86
13.87  2.85
13.88  2.83
13.90  2.82
13.92  2.84
13.93  2.85
13.95  2.86
13.97  2.87
13.98  2.89
14.00  2.89
14.02  2.89
14.03  2.89
14.05  2.88
14.07  2.87
14.08  2.87
14.10  2.86
14.12  2.87
14.13  2.88
14.15  2.89
14.17  2.90
14.18  2.91
14.20  2.92
14.22  2.92
14.23  2.93
14.25  2.95
14.27  2.98
14.28  3.00
14.30  3.02
14.32  3.05
14.33  3.08
14.35  3.11
14.37  3.12
14.38  3.13
14.40  3.15
14.42  3.16
14.43  3.17
14.45  3.17
14.47  3.16
14.48  3.15
14.50  3.13
14.52  3.12
14.53  3.11
14.55  3.11
14.57  3.12
14.58  3.12
14.60  3.12
14.62  3.13
14.63  3.15
14.65  3.18
14.67  3.22
14.68  3.26
14.70  3.28
14.72  3.29
14.73  3.30
14.75  3.32
14.77  3.33
14.78  3.33
14.80  3.33
14.82  3.33
14.83  3.34
14.85  3.34
14.87  3.33
14.88  3.33
14.90  3.34
14.92  3.35
14.93  3.34
14.95  3.34
14.97  3.34
14.98  3.33
15.00  3.34
15.02  3.34
15.03  3.36
15.05  3.37
15.07  3.39
15.08  3.39
15.10  3.39
15.12  3.40
15.13  3.42
15.15  3.43
15.17  3.43
15.18  3.43
15.20  3.42
15.22  3.40
15.23  3.38
15.25  3.34
15.27  3.33
15.28  3.33
15.30  3.33
15.32  3.34
15.33  3.35
15.35  3.34
15.37  3.33
15.38  3.33
15.40  3.33
15.42  3.33
15.43  3.30
15.45  3.26
15.47  3.25
15.48  3.25
15.50  3.25
15.52  3.26
15.53  3.28
15.55  3.31
15.57  3.33
15.58  3.34
15.60  3.35
15.62  3.36
15.63  3.38
15.65  3.38
15.67  3.37
15.68  3.37
15.70  3.36
15.72  3.35
15.73  3.33
15.75  3.32
15.77  3.31
15.78  3.29
15.80  3.29
15.82  3.29
15.83  3.29
15.85  3.29
15.87  3.30
15.88  3.32
15.90  3.33
15.92  3.33
15.93  3.34
15.95  3.34
15.97  3.34
15.98  3.34
16.00  3.34
16.02  3.36
16.03  3.39
16.05  3.40
16.07  3.40
16.08  3.37
16.10  3.34
16.12  3.31
16.13  3.29
16.15  3.29
16.17  3.29
16.18  3.27
16.20  3.26
16.22  3.25
16.23  3.25
16.25  3.25
16.27  3.23
16.28  3.21
16.30  3.20
16.32  3.21
16.33  3.23
16.35  3.26
16.37  3.27
16.38  3.27
16.40  3.25
16.42  3.22
16.43  3.20
16.45  3.18
16.47  3.18
16.48  3.18
16.50  3.19
16.52  3.20
16.53  3.21
16.55  3.20
16.57  3.20
16.58  3.20
16.60  3.18
16.62  3.17
16.63  3.15
16.65  3.14
16.67  3.14
16.68  3.15
16.70  3.15
16.72  3.15
16.73  3.16
16.75  3.17
16.77  3.16
16.78  3.14
16.80  3.12
16.82  3.08
16.83  3.06
16.85  3.03
16.87  3.01
16.88  2.98
16.90  2.95
16.92  2.94
16.93  2.97
16.95  2.99
16.97  3.02
16.98  3.05
17.00  3.10
17.02  3.13
17.03  3.14
17.05  3.13
17.07  3.09
17.08  3.02
17.10  2.99
17.12  2.99
17.13  3.00
17.15  3.00
17.17  2.98
17.18  2.99
17.20  2.99
17.22  3.00
17.23  2.99
17.25  2.99
17.27  2.98
17.28  3.02
17.30  3.03
17.32  3.04
17.33  3.03
17.35  3.04
17.37  3.01
17.38  2.99
17.40  2.99
17.42  2.97
17.43  2.93
17.45  2.90
17.47  2.86
17.48  2.82
17.50  2.77
17.52  2.73
17.53  2.69
17.55  2.62
17.57  2.59
17.58  2.56
17.60  2.53
17.62  2.49
17.63  2.44
17.65  2.40
17.67  2.34
17.68  2.30
17.70  2.32
17.72  2.37
17.73  2.38
17.75  2.37
17.77  2.35
17.78  2.36
17.80  2.37
17.82  2.37
17.83  2.38
17.85  2.40
17.87  2.43
17.88  2.45
17.90  2.48
17.92  2.50
17.93  2.53
17.95  2.55
17.97  2.55
17.98  2.55
18.00  2.54
18.02  2.50
18.03  2.47
18.05  2.43
18.07  2.38
18.08  2.34
18.10  2.31
18.12  2.29
18.13  2.26
18.15  2.24
18.17  2.22
18.18  2.19
18.20  2.16
18.22  2.12
18.23  2.08
18.25  2.06
18.27  2.03
18.28  1.99
18.30  1.95
18.32  1.90
18.33  1.85
18.35  1.80
18.37  1.76
18.38  1.73
18.40  1.71
18.42  1.70
18.43  1.69
18.45  1.68
18.47  1.68
18.48  1.67
18.50  1.66
18.52  1.65
18.53  1.64
18.55  1.63
18.57  1.63
18.58  1.62
18.60  1.62
18.62  1.60
18.63  1.58
18.65  1.54
18.67  1.51
18.68  1.48
18.70  1.46
18.72  1.46
18.73  1.46
18.75  1.49
18.77  1.53
18.78  1.58
18.80  1.61
18.82  1.63
18.83  1.66
18.85  1.70
18.87  1.73
18.88  1.73
18.90  1.71
18.92  1.68
18.93  1.64
18.95  1.60
18.97  1.55
18.98  1.49
19.00  1.44
19.02  1.39
19.03  1.36
19.05  1.33
19.07  1.30
19.08  1.26
19.10  1.20
19.12  1.13
19.13  1.06
19.15  0.99
19.17  0.93
19.18  0.87
19.20  0.80
19.22  0.73
19.23  0.67
19.25  0.61
19.27  0.56
19.28  0.51
19.30  0.48
19.32  0.45
19.33  0.43
19.35  0.41
19.37  0.39
19.38  0.37
19.40  0.35
19.42  0.33
19.43  0.30
19.45  0.28
19.47  0.26
19.48  0.22
19.50  0.17
19.52  0.14
19.53  0.11
19.55  0.09
19.57  0.08
19.58  0.06
19.60  0.05
19.62  0.04
19.63  0.04
19.65  0.03
19.67  0.02
19.68  0.02
19.70  0.01
19.72  0.01
19.73  0.00
19.75  0.00
19.77  0.00
19.78  0.00
19.80  0.00
19.82  0.00
19.83  0.00
19.85  0.00
19.87  0.00
19.88  0.00
19.90  0.00
19.92  0.00
19.93  0.00
19.95  0.00
19.97  0.00
19.98  0.00
20.00  0.00
20.02  0.00
20.03  0.00
20.05  0.00
20.07  0.00
20.08  0.00
20.10  0.00
20.12  0.00
20.13  0.00
20.15  0.00
20.17  0.00
20.18  0.00
20.20  0.00
20.22  0.00
20.23  0.00
20.25  0.00
20.27  0.00
20.28  0.00
20.30  0.00
20.32  0.00
20.33  0.00
20.35  0.00
20.37  0.00
20.38  0.00
20.40  0.00
20.42  0.00
20.43  0.00
20.45  0.00
20.47  0.00
20.48  0.00
20.50  0.00
20.52  0.00
20.53  0.00
20.55  0.00
20.57  0.00
20.58  0.00
20.60  0.00
20.62  0.00
20.63  0.00
20.65  0.00
20.67  0.00
20.68  0.00
20.70  0.00
20.72  0.00
20.73  0.00
20.75  0.00
20.77  0.00
20.78  0.00
20.80  0.00
20.82  0.00
20.83  0.00
20.85  0.00
20.87  0.00
20.88  0.00
20.90  0.00
20.92  0.00
20.93  0.00
20.95  0.00
20.97  0.00
20.98  0.00
21.00  0.00
21.02  0.00
21.03  0.00
21.05  0.00
21.07  0.00
21.08  0.00
21.10  0.00
21.12  0.00
21.13  0.00
21.15  0.00
21.17  0.00
21.18  0.00
21.20  0.00
21.22  0.00
21.23  0.00
21.25  0.00
21.27  0.00
21.28  0.00
21.30  0.00
21.32  0.00
21.33  0.00
21.35  0.00
21.37  0.00
21.38  0.00
21.40  0.00
21.42  0.00
21.43  0.00
21.45  0.00
21.45  0.00
21.47  0.00
21.48  0.00
21.50  0.00
21.52  0.00
21.53  0.00
21.55  0.00
21.57  0.00
21.58  0.00
21.60  0.00
21.62  0.00
21.63  0.00
21.65  0.00
21.67  0.00
21.68  0.00
21.70  0.00
21.72  0.00
21.73  0.00
21.75  0.00
21.77  0.00
21.78  0.00
21.80  0.00
21.82  0.00
21.83  0.00
21.85  0.00
21.87  0.00
21.88  0.00
21.90  0.00
21.92  0.00
21.93  0.00
21.95  0.00
21.97  0.00
21.98  0.00
22.00  0.00
22.02  0.00
22.03  0.00
22.05  0.00
22.07  0.00
22.08  0.00
22.10  0.00
22.12  0.00
22.13  0.00
22.15  0.00
22.17  0.00
22.18  0.00
22.20  0.00
22.22  0.00
22.23  0.00
22.25  0.00
22.27  0.00
22.28  0.00
22.30  0.00
22.32  0.00
22.33  0.00
22.35  0.00
22.37  0.00
22.38  0.00
22.40  0.00
22.42  0.00
22.43  0.00
22.45  0.00
22.47  0.00
22.48  0.00
22.50  0.00
22.52  0.00
22.53  0.00
22.55  0.00
22.57  0.00
22.58  0.00
22.60  0.00
22.62  0.00
22.63  0.00
22.65  0.00
22.67  0.00
22.68  0.00
22.70  0.00
22.72  0.00
22.73  0.00
22.75  0.00
22.77  0.00
22.78  0.00
22.80  0.00
22.82  0.00
22.83  0.00
22.85  0.00
22.87  0.00
22.88  0.00
22.90  0.00
22.92  0.00
22.93  0.00
22.95  0.00
22.97  0.00
22.98  0.00
23.00  0.00
23.02  0.00
23.03  0.00
23.05  0.00
23.07  0.00
23.08  0.00
23.10  0.00
23.12  0.00
23.13  0.00
23.15  0.00
23.17  0.00
23.18  0.00
23.20  0.00
23.22  0.00
23.23  0.00
23.25  0.00
23.27  0.00
23.28  0.00
23.30  0.00
23.32  0.00
23.33  0.00
23.35  0.00
23.37  0.00
23.38  0.00
23.40  0.00
23.42  0.00
23.43  0.00
23.45  0.00
23.47  0.00
23.48  0.00
23.50  0.00
23.52  0.00
23.53  0.00
23.55  0.00
23.57  0.00
23.58  0.00
23.60  0.00
23.62  0.00
23.63  0.00
23.65  0.00
23.67  0.00
23.68  0.00
23.70  0.00
23.72  0.00
23.73  0.00
23.75  0.00
23.77  0.00
23.78  0.00
23.80  0.00
23.82  0.00
23.83  0.00
23.85  0.00
23.87  0.00
23.88  0.00
23.90  0.00
23.92  0.00
23.93  0.00
23.95  0.00
23.97  0.00
23.98  0.00
