genericdec
-3.60   40.15
14   6   2015
0.00  0.00
0.02  0.00
0.03  0.00
0.05  0.00
0.07  0.00
0.08  0.00
0.10  0.00
0.12  0.00
0.13  0.00
0.15  0.00
0.17  0.00
0.18  0.00
0.20  0.00
0.22  0.00
0.23  0.00
0.25  0.00
0.27  0.00
0.28  0.00
0.30  0.00
0.32  0.00
0.33  0.00
0.35  0.00
0.37  0.00
0.38  0.00
0.40  0.00
0.42  0.00
0.43  0.00
0.45  0.00
0.47  0.00
0.48  0.00
0.50  0.00
0.52  0.00
0.53  0.00
0.55  0.00
0.57  0.00
0.58  0.00
0.60  0.00
0.62  0.00
0.63  0.00
0.65  0.00
0.67  0.00
0.68  0.00
0.70  0.00
0.72  0.00
0.73  0.00
0.75  0.00
0.77  0.00
0.78  0.00
0.80  0.00
0.82  0.00
0.83  0.00
0.85  0.00
0.87  0.00
0.88  0.00
0.90  0.00
0.92  0.00
0.93  0.00
0.95  0.00
0.97  0.00
0.98  0.00
1.00  0.00
1.02  0.00
1.03  0.00
1.05  0.00
1.07  0.00
1.08  0.00
1.10  0.00
1.12  0.00
1.13  0.00
1.15  0.00
1.17  0.00
1.18  0.00
1.20  0.00
1.22  0.00
1.23  0.00
1.25  0.00
1.27  0.00
1.28  0.00
1.30  0.00
1.32  0.00
1.33  0.00
1.35  0.00
1.37  0.00
1.38  0.00
1.40  0.00
1.42  0.00
1.43  0.00
1.45  0.00
1.47  0.00
1.48  0.00
1.50  0.00
1.52  0.00
1.53  0.00
1.55  0.00
1.57  0.00
1.58  0.00
1.60  0.00
1.62  0.00
1.63  0.00
1.65  0.00
1.67  0.00
1.68  0.00
1.70  0.00
1.72  0.00
1.73  0.00
1.75  0.00
1.77  0.00
1.78  0.00
1.80  0.00
1.82  0.00
1.83  0.00
1.85  0.00
1.87  0.00
1.88  0.00
1.90  0.00
1.92  0.00
1.93  0.00
1.95  0.00
1.97  0.00
1.98  0.00
2.00  0.00
2.02  0.00
2.03  0.00
2.05  0.00
2.07  0.00
2.08  0.00
2.10  0.00
2.12  0.00
2.13  0.00
2.15  0.00
2.17  0.00
2.18  0.00
2.20  0.00
2.22  0.00
2.23  0.00
2.25  0.00
2.27  0.00
2.28  0.00
2.30  0.00
2.32  0.00
2.33  0.00
2.35  0.00
2.37  0.00
2.38  0.00
2.40  0.00
2.42  0.00
2.43  0.00
2.45  0.00
2.47  0.00
2.48  0.00
2.50  0.00
2.52  0.00
2.53  0.00
2.55  0.00
2.57  0.00
2.58  0.00
2.60  0.00
2.62  0.00
2.63  0.00
2.65  0.00
2.67  0.00
2.68  0.00
2.70  0.00
2.72  0.00
2.73  0.00
2.75  0.00
2.77  0.00
2.78  0.00
2.80  0.00
2.82  0.00
2.83  0.00
2.85  0.00
2.87  0.00
2.88  0.00
2.90  0.00
2.92  0.00
2.93  0.00
2.93  0.00
2.95  0.00
2.97  0.00
2.98  0.00
3.00  0.00
3.02  0.00
3.03  0.00
3.05  0.00
3.07  0.00
3.08  0.00
3.10  0.00
3.12  0.00
3.13  0.00
3.15  0.00
3.17  0.00
3.18  0.00
3.20  0.00
3.22  0.00
3.23  0.00
3.25  0.00
3.27  0.00
3.28  0.00
3.30  0.00
3.32  0.00
3.33  0.00
3.35  0.00
3.37  0.00
3.38  0.01
3.40  0.01
3.42  0.01
3.43  0.02
3.45  0.02
3.47  0.02
3.48  0.02
3.50  0.03
3.52  0.03
3.53  0.04
3.55  0.04
3.57  0.05
3.58  0.06
3.60  0.07
3.62  0.08
3.63  0.09
3.65  0.11
3.67  0.13
3.68  0.14
3.70  0.16
3.72  0.17
3.73  0.19
3.75  0.21
3.77  0.22
3.78  0.23
3.80  0.24
3.82  0.25
3.83  0.27
3.85  0.29
3.87  0.32
3.88  0.35
3.90  0.37
3.92  0.39
3.93  0.42
3.95  0.45
3.97  0.48
3.98  0.52
4.00  0.56
4.02  0.60
4.03  0.64
4.05  0.67
4.07  0.70
4.08  0.74
4.10  0.77
4.12  0.80
4.13  0.83
4.15  0.85
4.17  0.86
4.18  0.87
4.20  0.90
4.22  0.94
4.23  0.98
4.25  1.03
4.27  1.08
4.28  1.13
4.30  1.17
4.32  1.20
4.33  1.21
4.35  1.19
4.37  1.18
4.38  1.20
4.40  1.24
4.42  1.28
4.43  1.32
4.45  1.35
4.47  1.35
4.48  1.33
4.50  1.26
4.52  1.21
4.53  1.19
4.55  1.20
4.57  1.21
4.58  1.22
4.60  1.22
4.62  1.20
4.63  1.19
4.65  1.21
4.67  1.24
4.68  1.26
4.70  1.27
4.72  1.28
4.73  1.30
4.75  1.32
4.77  1.35
4.78  1.39
4.80  1.48
4.82  1.72
4.83  1.94
4.85  1.92
4.87  2.08
4.88  2.13
4.90  2.13
4.92  2.12
4.93  2.12
4.95  1.92
4.97  1.73
4.98  1.84
5.00  1.88
5.02  2.20
5.03  2.28
5.05  2.33
5.07  2.39
5.08  2.44
5.10  2.43
5.12  2.42
5.13  2.42
5.15  2.38
5.17  2.38
5.18  2.28
5.20  2.30
5.22  2.25
5.23  2.15
5.25  2.35
5.27  2.39
5.28  2.29
5.30  2.19
5.32  2.24
5.33  2.41
5.35  2.58
5.37  2.70
5.38  2.72
5.40  2.77
5.42  2.77
5.43  2.71
5.45  2.84
5.47  2.95
5.48  3.02
5.50  3.09
5.52  3.13
5.53  3.11
5.55  3.29
5.57  3.33
5.58  3.24
5.60  3.23
5.62  3.18
5.63  3.14
5.65  3.06
5.67  3.02
5.68  2.97
5.70  2.92
5.72  2.87
5.73  2.83
5.75  2.81
5.77  2.79
5.78  2.80
5.80  2.82
5.82  2.82
5.83  2.84
5.85  2.85
5.87  2.91
5.88  2.98
5.90  2.99
5.92  2.95
5.93  2.91
5.95  2.90
5.97  2.92
5.98  2.96
6.00  3.09
6.02  3.47
6.03  3.99
6.05  3.79
6.07  3.84
6.08  3.77
6.10  3.74
6.12  3.48
6.13  3.32
6.15  3.24
6.17  3.24
6.18  3.45
6.20  3.12
6.22  2.93
6.23  2.83
6.25  2.66
6.27  2.56
6.28  2.61
6.30  2.54
6.32  2.44
6.33  2.40
6.35  2.30
6.37  2.26
6.38  2.28
6.40  2.30
6.42  2.41
6.43  2.48
6.45  2.64
6.47  2.67
6.48  2.75
6.50  2.72
6.52  2.68
6.53  2.60
6.55  2.65
6.57  2.92
6.58  2.89
6.60  2.95
6.62  3.04
6.63  3.12
6.65  3.16
6.67  3.21
6.68  3.29
6.70  3.42
6.72  3.11
6.73  3.51
6.75  3.56
6.77  3.91
6.78  3.28
6.80  2.82
6.82  3.24
6.83  3.41
6.85  3.43
6.87  3.40
6.88  3.37
6.90  3.32
6.92  3.42
6.93  3.74
6.95  3.67
6.97  3.83
6.98  3.56
7.00  3.33
7.02  3.32
7.03  3.26
7.05  3.26
7.07  3.33
7.08  3.40
7.10  3.58
7.12  3.79
7.13  3.35
7.15  3.65
7.17  3.68
7.18  3.13
7.20  2.71
7.22  2.67
7.23  2.68
7.25  2.69
7.27  2.53
7.28  2.45
7.30  2.40
7.32  2.36
7.33  2.44
7.35  2.22
7.37  2.31
7.38  2.92
7.40  3.53
7.42  4.07
7.43  3.97
7.45  3.66
7.47  2.74
7.48  2.36
7.50  2.22
7.52  2.20
7.53  2.27
7.55  2.34
7.57  2.23
7.58  1.99
7.60  1.82
7.62  1.78
7.63  1.78
7.65  1.78
7.67  1.76
7.68  1.76
7.70  1.76
7.72  1.82
7.73  2.01
7.75  2.41
7.77  2.95
7.78  3.89
7.80  3.96
7.82  3.86
7.83  4.12
7.85  4.04
7.87  4.14
7.88  4.18
7.90  4.18
7.92  3.99
7.93  4.04
7.95  4.16
7.97  4.14
7.98  4.16
8.00  4.17
8.02  4.16
8.03  4.17
8.05  4.17
8.07  4.06
8.08  4.08
8.10  4.12
8.12  4.11
8.13  4.16
8.15  4.08
8.17  4.05
8.18  3.91
8.20  3.84
8.22  3.78
8.23  3.74
8.25  3.77
8.27  3.92
8.28  3.73
8.30  3.73
8.32  3.96
8.33  4.12
8.35  3.85
8.37  4.20
8.38  3.99
8.40  3.84
8.42  3.98
8.43  4.02
8.45  4.03
8.47  3.97
8.48  4.09
8.50  3.01
8.52  2.66
8.53  2.71
8.55  3.20
8.57  3.64
8.58  3.88
8.60  3.91
8.62  3.99
8.63  4.11
8.65  4.09
8.67  4.21
8.68  3.68
8.70  3.87
8.72  2.90
8.73  3.14
8.75  2.59
8.77  2.55
8.78  2.59
8.80  2.65
8.82  2.82
8.83  3.45
8.85  2.91
8.87  2.93
8.88  3.17
8.90  4.05
8.92  4.19
8.93  3.64
8.95  3.16
8.97  2.90
8.98  2.72
9.00  2.69
9.02  3.01
9.03  3.18
9.05  3.20
9.07  3.16
9.08  3.25
9.10  3.24
9.12  3.18
9.13  3.07
9.15  2.97
9.17  2.89
9.18  2.81
9.20  2.72
9.22  2.65
9.23  2.63
9.25  2.65
9.27  2.65
9.28  2.61
9.30  2.67
9.32  2.61
9.33  2.68
9.35  2.69
9.37  2.72
9.38  2.79
9.40  2.93
9.42  3.04
9.43  3.12
9.45  3.11
9.47  3.13
9.48  3.12
9.50  3.10
9.52  3.07
9.53  3.10
9.55  3.13
9.57  3.18
9.58  3.21
9.60  3.22
9.62  3.23
9.63  3.22
9.65  3.22
9.67  3.21
9.68  3.18
9.70  3.13
9.72  3.07
9.73  2.71
9.75  2.65
9.77  2.51
9.78  2.44
9.80  2.46
9.82  2.44
9.83  2.47
9.85  2.56
9.87  2.66
9.88  2.70
9.90  2.69
9.92  2.71
9.93  2.74
9.95  2.69
9.97  2.65
9.98  2.57
10.00  2.42
10.02  2.30
10.03  2.19
10.05  2.09
10.07  2.15
10.08  2.20
10.10  2.26
10.12  2.26
10.13  2.27
10.15  2.34
10.17  2.33
10.18  2.34
10.20  2.34
10.22  2.26
10.23  2.19
10.25  2.10
10.27  2.09
10.28  2.07
10.30  2.07
10.32  2.15
10.33  2.24
10.35  2.33
10.37  2.33
10.38  2.34
10.40  2.33
10.42  2.30
10.43  2.33
10.45  2.34
10.47  2.31
10.48  2.31
10.50  2.32
10.52  2.29
10.53  2.31
10.55  2.33
10.57  2.34
10.58  2.37
10.60  2.31
10.62  2.30
10.63  2.23
10.65  2.27
10.67  2.28
10.68  2.31
10.70  2.30
10.72  2.22
10.73  2.17
10.75  2.26
10.77  2.40
10.78  2.45
10.80  2.47
10.82  2.47
10.83  2.47
10.85  2.43
10.87  2.39
10.88  2.37
10.90  2.38
10.92  2.41
10.93  2.44
10.95  2.42
10.97  2.39
10.98  2.40
11.00  2.44
11.02  2.43
11.03  2.44
11.05  2.40
11.07  2.37
11.08  2.35
11.10  2.32
11.12  2.26
11.13  2.19
11.15  2.17
11.17  2.20
11.18  2.23
11.20  2.26
11.22  2.29
11.23  2.32
11.25  2.35
11.27  2.39
11.28  2.40
11.30  2.43
11.32  2.48
11.33  2.51
11.35  2.52
11.37  2.51
11.38  2.50
11.40  2.51
11.42  2.53
11.43  2.54
11.45  2.56
11.47  2.57
11.48  2.57
11.50  2.57
11.52  2.56
11.53  2.55
11.55  2.54
11.57  2.52
11.58  2.52
11.60  2.52
11.62  2.52
11.63  2.52
11.65  2.51
11.67  2.49
11.68  2.49
11.70  2.50
11.72  2.49
11.73  2.48
11.75  2.47
11.77  2.46
11.78  2.43
11.80  2.40
11.82  2.38
11.83  2.38
11.85  2.38
11.87  2.35
11.88  2.32
11.90  2.29
11.92  2.24
11.93  2.20
11.95  2.16
11.97  2.13
11.98  2.12
12.00  2.10
12.02  2.08
12.03  2.07
12.05  2.06
12.07  2.04
12.08  2.03
12.10  2.01
12.12  2.01
12.13  2.03
12.15  2.06
12.17  2.11
12.18  2.16
12.20  2.22
12.22  2.28
12.23  2.34
12.25  2.38
12.27  2.42
12.28  2.45
12.30  2.47
12.32  2.48
12.33  2.47
12.35  2.45
12.37  2.42
12.38  2.38
12.40  2.31
12.42  2.22
12.43  2.16
12.45  2.12
12.47  2.07
12.48  1.97
12.50  1.83
12.52  1.70
12.53  1.61
12.55  1.56
12.57  1.53
12.58  1.42
12.60  1.35
12.62  1.33
12.63  1.39
12.65  1.43
12.67  1.42
12.68  1.42
12.70  1.42
12.72  1.42
12.73  1.43
12.75  1.44
12.77  1.45
12.78  1.45
12.80  1.46
12.82  1.47
12.83  1.49
12.85  1.50
12.87  1.51
12.88  1.52
12.90  1.53
12.92  1.55
12.93  1.56
12.95  1.57
12.97  1.58
12.98  1.58
13.00  1.58
13.02  1.59
13.03  1.61
13.05  1.64
13.07  1.67
13.08  1.70
13.10  1.71
13.12  1.71
13.13  1.74
13.15  1.76
13.17  1.78
13.18  1.81
13.20  1.83
13.22  1.86
13.23  1.90
13.25  1.94
13.27  1.95
13.28  1.95
13.30  1.96
13.32  1.96
13.33  1.97
13.35  1.98
13.37  1.99
13.38  1.99
13.40  2.00
13.42  2.01
13.43  2.00
13.45  2.04
13.47  2.07
13.48  2.08
13.50  2.08
13.52  2.09
13.53  2.08
13.55  2.05
13.57  2.04
13.58  2.02
13.60  2.00
13.62  2.00
13.63  2.02
13.65  2.04
13.67  2.03
13.68  2.02
13.70  2.03
13.72  2.02
13.73  2.01
13.75  1.99
13.77  1.96
13.78  1.95
13.80  1.94
13.82  1.94
13.83  1.95
13.85  1.96
13.87  1.95
13.88  1.94
13.90  1.94
13.92  1.94
13.93  1.95
13.95  1.96
13.97  1.95
13.98  1.94
14.00  1.94
14.02  1.94
14.03  1.94
14.05  1.95
14.07  1.97
14.08  1.91
14.10  1.88
14.12  1.87
14.13  1.88
14.15  1.90
14.17  1.94
14.18  1.97
14.20  2.00
14.22  2.07
14.23  2.09
14.25  2.10
14.27  2.12
14.28  2.14
14.30  2.15
14.32  2.18
14.33  2.18
14.35  2.18
14.37  2.18
14.38  2.18
14.40  2.19
14.42  2.19
14.43  2.19
14.45  2.20
14.47  2.22
14.48  2.22
14.50  2.22
14.52  2.22
14.53  2.22
14.55  2.23
14.57  2.24
14.58  2.25
14.60  2.25
14.62  2.25
14.63  2.25
14.65  2.25
14.67  2.24
14.68  2.24
14.70  2.25
14.72  2.25
14.73  2.25
14.75  2.25
14.77  2.24
14.78  2.22
14.80  2.20
14.82  2.18
14.83  2.17
14.85  2.17
14.87  2.18
14.88  2.18
14.90  2.17
14.92  2.17
14.93  2.16
14.95  2.18
14.97  2.19
14.98  2.19
15.00  2.18
15.02  2.18
15.03  2.18
15.05  2.17
15.07  2.17
15.08  2.17
15.10  2.17
15.12  2.16
15.13  2.16
15.15  2.15
15.17  2.14
15.18  2.13
15.20  2.12
15.22  2.12
15.23  2.11
15.25  2.11
15.27  2.10
15.28  2.10
15.30  2.09
15.32  2.09
15.33  2.08
15.35  2.07
15.37  2.07
15.38  2.06
15.40  2.05
15.42  2.05
15.43  2.04
15.45  2.03
15.47  2.02
15.48  2.01
15.50  2.01
15.52  2.00
15.53  1.99
15.55  1.99
15.57  1.99
15.58  1.98
15.60  1.98
15.62  1.97
15.63  1.96
15.65  1.96
15.67  1.95
15.68  1.94
15.70  1.94
15.72  1.93
15.73  1.93
15.75  1.92
15.77  1.92
15.78  1.92
15.80  1.92
15.82  1.92
15.83  1.92
15.85  1.92
15.87  1.92
15.88  1.92
15.90  1.91
15.92  1.91
15.93  1.90
15.95  1.89
15.97  1.88
15.98  1.87
16.00  1.85
16.02  1.83
16.03  1.82
16.05  1.80
16.07  1.79
16.08  1.77
16.10  1.75
16.12  1.74
16.13  1.73
16.15  1.72
16.17  1.71
16.18  1.70
16.20  1.70
16.22  1.70
16.23  1.69
16.25  1.68
16.27  1.67
16.28  1.66
16.30  1.65
16.32  1.63
16.33  1.61
16.35  1.60
16.37  1.58
16.38  1.56
16.40  1.54
16.42  1.53
16.43  1.52
16.45  1.51
16.47  1.50
16.48  1.49
16.50  1.48
16.52  1.47
16.53  1.46
16.55  1.44
16.57  1.42
16.58  1.39
16.60  1.37
16.62  1.35
16.63  1.32
16.65  1.30
16.67  1.27
16.68  1.26
16.70  1.25
16.72  1.25
16.73  1.25
16.75  1.25
16.77  1.25
16.78  1.25
16.80  1.22
16.82  1.20
16.83  1.17
16.85  1.15
16.87  1.12
16.88  1.10
16.90  1.06
16.92  1.03
16.93  0.99
16.95  0.96
16.97  0.94
16.97  0.91
16.98  0.89
17.00  0.87
17.02  0.86
17.03  0.86
17.05  0.86
17.07  0.86
17.08  0.85
17.10  0.85
17.12  0.85
17.13  0.86
17.15  0.87
17.17  0.88
17.18  0.89
17.20  0.88
17.22  0.88
17.23  0.86
17.25  0.83
17.27  0.78
17.28  0.75
17.30  0.72
17.32  0.70
17.33  0.69
17.35  0.69
17.37  0.69
17.38  0.69
17.40  0.69
17.42  0.68
17.43  0.68
17.45  0.67
17.47  0.67
17.48  0.67
17.50  0.68
17.52  0.69
17.53  0.69
17.55  0.70
17.57  0.71
17.58  0.71
17.60  0.72
17.62  0.72
17.63  0.71
17.65  0.68
17.67  0.66
17.68  0.64
17.70  0.62
17.72  0.60
17.73  0.56
17.75  0.53
17.77  0.49
17.78  0.46
17.80  0.43
17.82  0.42
17.83  0.42
17.85  0.43
17.87  0.44
17.88  0.45
17.90  0.47
17.92  0.49
17.93  0.50
17.95  0.52
17.97  0.54
17.98  0.55
18.00  0.55
18.02  0.55
18.03  0.54
18.05  0.54
18.07  0.53
18.08  0.50
18.10  0.48
18.12  0.44
18.13  0.40
18.15  0.37
18.17  0.34
18.18  0.31
18.20  0.28
18.22  0.26
18.23  0.24
18.25  0.22
18.27  0.21
18.28  0.19
18.30  0.17
18.32  0.16
18.33  0.15
18.35  0.14
18.37  0.13
18.38  0.12
18.40  0.10
18.42  0.10
18.43  0.09
18.45  0.08
18.47  0.08
18.48  0.07
18.50  0.06
18.52  0.06
18.53  0.05
18.55  0.04
18.57  0.04
18.58  0.03
18.60  0.03
18.62  0.02
18.63  0.02
18.65  0.01
18.67  0.01
18.68  0.01
18.70  0.00
18.72  0.00
18.73  0.00
18.75  0.00
18.77  0.00
18.78  0.00
18.80  0.00
18.82  0.00
18.83  0.00
18.85  0.00
18.87  0.00
18.88  0.00
18.90  0.00
18.92  0.00
18.93  0.00
18.95  0.00
18.97  0.00
18.98  0.00
19.00  0.00
19.02  0.00
19.03  0.00
19.05  0.00
19.07  0.00
19.08  0.00
19.10  0.00
19.12  0.00
19.13  0.00
19.15  0.00
19.17  0.00
19.18  0.00
19.20  0.00
19.22  0.00
19.23  0.00
19.25  0.00
19.27  0.00
19.28  0.00
19.30  0.00
19.32  0.00
19.33  0.00
19.35  0.00
19.37  0.00
19.38  0.00
19.40  0.00
19.42  0.00
19.43  0.00
19.45  0.00
19.47  0.00
19.48  0.00
19.50  0.00
19.52  0.00
19.53  0.00
19.55  0.00
19.57  0.00
19.58  0.00
19.60  0.00
19.62  0.00
19.63  0.00
19.65  0.00
19.67  0.00
19.68  0.00
19.70  0.00
19.72  0.00
19.73  0.00
19.75  0.00
19.77  0.00
19.78  0.00
19.80  0.00
19.82  0.00
19.83  0.00
19.85  0.00
19.87  0.00
19.88  0.00
19.90  0.00
19.92  0.00
19.93  0.00
19.95  0.00
19.97  0.00
19.98  0.00
20.00  0.00
20.02  0.00
20.03  0.00
20.05  0.00
20.07  0.00
20.08  0.00
20.10  0.00
20.12  0.00
20.13  0.00
20.15  0.00
20.17  0.00
20.18  0.00
20.20  0.00
20.22  0.00
20.23  0.00
20.25  0.00
20.27  0.00
20.28  0.00
20.30  0.00
20.32  0.00
20.33  0.00
20.35  0.00
20.37  0.00
20.38  0.00
20.40  0.00
20.42  0.00
20.43  0.00
20.45  0.00
20.47  0.00
20.48  0.00
20.50  0.00
20.52  0.00
20.53  0.00
20.55  0.00
20.57  0.00
20.58  0.00
20.60  0.00
20.62  0.00
20.63  0.00
20.65  0.00
20.67  0.00
20.68  0.00
20.70  0.00
20.72  0.00
20.73  0.00
20.75  0.00
20.77  0.00
20.78  0.00
20.80  0.00
20.82  0.00
20.83  0.00
20.85  0.00
20.87  0.00
20.88  0.00
20.90  0.00
20.92  0.00
20.93  0.00
20.95  0.00
20.97  0.00
20.98  0.00
21.00  0.00
21.02  0.00
21.03  0.00
21.05  0.00
21.07  0.00
21.08  0.00
21.10  0.00
21.12  0.00
21.13  0.00
21.15  0.00
21.17  0.00
21.18  0.00
21.20  0.00
21.22  0.00
21.23  0.00
21.25  0.00
21.27  0.00
21.28  0.00
21.30  0.00
21.32  0.00
21.33  0.00
21.35  0.00
21.37  0.00
21.38  0.00
21.40  0.00
21.42  0.00
21.43  0.00
21.45  0.00
21.47  0.00
21.48  0.00
21.50  0.00
21.52  0.00
21.53  0.00
21.55  0.00
21.57  0.00
21.58  0.00
21.60  0.00
21.62  0.00
21.63  0.00
21.65  0.00
21.67  0.00
21.68  0.00
21.70  0.00
21.72  0.00
21.73  0.00
21.75  0.00
21.77  0.00
21.78  0.00
21.80  0.00
21.82  0.00
21.83  0.00
21.85  0.00
21.87  0.00
21.88  0.00
21.90  0.00
21.92  0.00
21.93  0.00
21.95  0.00
21.97  0.00
21.98  0.00
22.00  0.00
22.02  0.00
22.03  0.00
22.05  0.00
22.07  0.00
22.08  0.00
22.10  0.00
22.12  0.00
22.13  0.00
22.15  0.00
22.17  0.00
22.18  0.00
22.20  0.00
22.22  0.00
22.23  0.00
22.25  0.00
22.27  0.00
22.28  0.00
22.30  0.00
22.32  0.00
22.33  0.00
22.35  0.00
22.37  0.00
22.38  0.00
22.40  0.00
22.42  0.00
22.43  0.00
22.45  0.00
22.47  0.00
22.48  0.00
22.50  0.00
22.52  0.00
22.53  0.00
22.55  0.00
22.57  0.00
22.58  0.00
22.60  0.00
22.62  0.00
22.63  0.00
22.65  0.00
22.67  0.00
22.68  0.00
22.70  0.00
22.72  0.00
22.73  0.00
22.75  0.00
22.77  0.00
22.78  0.00
22.80  0.00
22.82  0.00
22.83  0.00
22.85  0.00
22.87  0.00
22.88  0.00
22.90  0.00
22.92  0.00
22.93  0.00
22.95  0.00
22.97  0.00
22.98  0.00
23.00  0.00
23.02  0.00
23.03  0.00
23.05  0.00
23.07  0.00
23.08  0.00
23.10  0.00
23.12  0.00
23.13  0.00
23.15  0.00
23.17  0.00
23.18  0.00
23.20  0.00
23.22  0.00
23.23  0.00
23.25  0.00
23.27  0.00
23.28  0.00
23.30  0.00
23.32  0.00
23.33  0.00
23.35  0.00
23.37  0.00
23.38  0.00
23.40  0.00
23.42  0.00
23.43  0.00
23.45  0.00
23.47  0.00
23.48  0.00
23.50  0.00
23.52  0.00
23.53  0.00
23.55  0.00
23.57  0.00
23.58  0.00
23.60  0.00
23.62  0.00
23.63  0.00
23.65  0.00
23.67  0.00
23.68  0.00
23.70  0.00
23.72  0.00
23.73  0.00
23.75  0.00
23.77  0.00
23.78  0.00
23.80  0.00
23.82  0.00
23.83  0.00
23.85  0.00
23.87  0.00
23.88  0.00
23.90  0.00
23.92  0.00
23.93  0.00
23.95  0.00
23.97  0.00
23.98  0.00

