genericdec
-3.60   40.15
15   6   2015
0.00  0.00
0.02  0.00
0.03  0.00
0.05  0.00
0.07  0.00
0.08  0.00
0.10  0.00
0.12  0.00
0.13  0.00
0.15  0.00
0.17  0.00
0.18  0.00
0.20  0.00
0.22  0.00
0.23  0.00
0.25  0.00
0.27  0.00
0.28  0.00
0.30  0.00
0.32  0.00
0.33  0.00
0.35  0.00
0.37  0.00
0.38  0.00
0.40  0.00
0.42  0.00
0.43  0.00
0.45  0.00
0.47  0.00
0.48  0.00
0.50  0.00
0.52  0.00
0.53  0.00
0.55  0.00
0.57  0.00
0.58  0.00
0.60  0.00
0.62  0.00
0.63  0.00
0.65  0.00
0.67  0.00
0.68  0.00
0.70  0.00
0.72  0.00
0.73  0.00
0.75  0.00
0.77  0.00
0.78  0.00
0.80  0.00
0.82  0.00
0.83  0.00
0.85  0.00
0.87  0.00
0.88  0.00
0.90  0.00
0.92  0.00
0.93  0.00
0.95  0.00
0.97  0.00
0.98  0.00
1.00  0.00
1.02  0.00
1.03  0.00
1.05  0.00
1.07  0.00
1.08  0.00
1.10  0.00
1.12  0.00
1.13  0.00
1.15  0.00
1.17  0.00
1.18  0.00
1.20  0.00
1.22  0.00
1.23  0.00
1.25  0.00
1.27  0.00
1.28  0.00
1.30  0.00
1.32  0.00
1.33  0.00
1.35  0.00
1.37  0.00
1.38  0.00
1.40  0.00
1.42  0.00
1.43  0.00
1.45  0.00
1.47  0.00
1.48  0.00
1.50  0.00
1.52  0.00
1.53  0.00
1.55  0.00
1.57  0.00
1.58  0.00
1.60  0.00
1.62  0.00
1.63  0.00
1.65  0.00
1.67  0.00
1.68  0.00
1.70  0.00
1.72  0.00
1.73  0.00
1.75  0.00
1.77  0.00
1.78  0.00
1.80  0.00
1.82  0.00
1.83  0.00
1.85  0.00
1.87  0.00
1.88  0.00
1.90  0.00
1.92  0.00
1.93  0.00
1.95  0.00
1.97  0.00
1.98  0.00
2.00  0.00
2.02  0.00
2.03  0.00
2.05  0.00
2.07  0.00
2.08  0.00
2.10  0.00
2.12  0.00
2.13  0.00
2.15  0.00
2.17  0.00
2.18  0.00
2.20  0.00
2.22  0.00
2.23  0.00
2.25  0.00
2.27  0.00
2.28  0.00
2.30  0.00
2.32  0.00
2.33  0.00
2.35  0.00
2.37  0.00
2.38  0.00
2.40  0.00
2.42  0.00
2.43  0.00
2.45  0.00
2.47  0.00
2.48  0.00
2.50  0.00
2.52  0.00
2.53  0.00
2.55  0.00
2.57  0.00
2.58  0.00
2.60  0.00
2.62  0.00
2.63  0.00
2.65  0.00
2.67  0.00
2.68  0.00
2.70  0.00
2.72  0.00
2.73  0.00
2.75  0.00
2.77  0.00
2.78  0.00
2.80  0.00
2.82  0.00
2.83  0.00
2.85  0.00
2.87  0.00
2.88  0.00
2.90  0.00
2.92  0.00
2.93  0.00
2.95  0.00
2.97  0.00
2.98  0.00
3.00  0.00
3.02  0.00
3.03  0.00
3.05  0.00
3.07  0.00
3.08  0.00
3.10  0.00
3.12  0.00
3.13  0.00
3.15  0.01
3.17  0.01
3.18  0.01
3.20  0.02
3.22  0.02
3.23  0.03
3.25  0.04
3.27  0.04
3.28  0.05
3.30  0.06
3.32  0.07
3.33  0.08
3.35  0.09
3.37  0.10
3.38  0.12
3.40  0.13
3.42  0.14
3.43  0.16
3.45  0.17
3.47  0.18
3.48  0.19
3.50  0.21
3.52  0.22
3.53  0.24
3.55  0.26
3.57  0.28
3.58  0.29
3.60  0.31
3.62  0.33
3.63  0.35
3.65  0.37
3.67  0.40
3.68  0.42
3.70  0.45
3.72  0.47
3.73  0.49
3.75  0.51
3.77  0.54
3.78  0.59
3.80  0.63
3.82  0.65
3.83  0.68
3.85  0.77
3.87  0.86
3.88  0.90
3.90  0.93
3.92  0.94
3.93  0.96
3.95  0.98
3.97  1.01
3.98  1.04
4.00  1.07
4.02  1.10
4.03  1.12
4.05  1.15
4.07  1.15
4.08  1.15
4.10  1.17
4.12  1.21
4.13  1.25
4.15  1.26
4.17  1.27
4.18  1.28
4.20  1.29
4.22  1.30
4.23  1.32
4.25  1.33
4.27  1.35
4.28  1.36
4.30  1.38
4.32  1.39
4.33  1.40
4.35  1.41
4.37  1.42
4.38  1.43
4.40  1.43
4.42  1.44
4.43  1.45
4.45  1.45
4.47  1.46
4.48  1.46
4.50  1.47
4.52  1.48
4.53  1.48
4.55  1.49
4.57  1.50
4.58  1.51
4.60  1.52
4.62  1.54
4.63  1.56
4.65  1.57
4.67  1.58
4.68  1.60
4.70  1.62
4.72  1.63
4.73  1.63
4.75  1.64
4.77  1.66
4.78  1.67
4.80  1.68
4.82  1.68
4.83  1.68
4.85  1.68
4.87  1.68
4.88  1.67
4.90  1.67
4.92  1.67
4.93  1.67
4.95  1.68
4.97  1.69
4.98  1.70
5.00  1.70
5.02  1.71
5.03  1.72
5.05  1.73
5.07  1.73
5.08  1.74
5.10  1.75
5.12  1.75
5.13  1.76
5.15  1.77
5.17  1.77
5.18  1.78
5.20  3.13
5.22  3.80
5.23  3.80
5.25  3.80
5.27  3.80
5.28  3.81
5.30  3.81
5.32  3.82
5.33  3.82
5.35  3.82
5.37  3.84
5.38  3.85
5.40  3.84
5.42  3.83
5.43  3.84
5.45  3.84
5.47  3.85
5.48  3.85
5.50  3.86
5.52  3.86
5.53  3.87
5.55  3.87
5.57  3.87
5.58  3.87
5.60  3.88
5.62  3.88
5.63  3.89
5.65  3.89
5.67  3.89
5.68  3.90
5.70  3.90
5.72  3.91
5.73  3.91
5.75  3.91
5.77  3.92
5.78  3.92
5.80  3.92
5.82  3.93
5.83  3.93
5.85  3.93
5.87  3.93
5.88  3.93
5.90  3.94
5.92  3.94
5.93  3.94
5.95  3.94
5.97  3.95
5.98  3.96
6.00  3.96
6.02  3.90
6.03  3.86
6.05  3.90
6.07  3.94
6.08  3.98
6.10  3.97
6.12  3.98
6.13  3.98
6.15  3.98
6.17  3.99
6.18  3.98
6.20  3.99
6.22  3.99
6.23  4.00
6.25  4.00
6.27  3.99
6.28  4.00
6.30  4.00
6.32  4.00
6.33  4.01
6.35  4.01
6.37  4.01
6.38  4.01
6.40  4.01
6.42  4.01
6.43  4.01
6.45  4.01
6.47  4.02
6.48  4.02
6.50  4.02
6.52  4.02
6.53  4.02
6.55  4.03
6.57  4.03
6.58  4.03
6.60  4.03
6.62  4.04
6.63  4.03
6.65  4.04
6.67  4.04
6.68  4.04
6.70  4.04
6.72  4.05
6.73  4.05
6.75  4.05
6.77  4.05
6.78  4.05
6.80  4.05
6.80  4.05
6.82  4.06
6.83  4.06
6.85  4.06
6.87  4.06
6.88  4.06
6.90  4.06
6.92  4.07
6.93  4.06
6.95  4.01
6.97  4.01
6.98  4.03
7.00  4.05
7.02  4.05
7.03  4.06
7.05  4.07
7.07  4.07
7.08  4.07
7.10  4.08
7.12  4.08
7.13  4.08
7.15  4.08
7.17  4.08
7.18  4.08
7.20  4.08
7.22  4.08
7.23  4.08
7.25  4.09
7.27  4.09
7.28  4.09
7.30  4.07
7.32  4.01
7.33  3.84
7.35  3.49
7.37  3.01
7.38  2.79
7.40  2.76
7.42  2.74
7.43  2.72
7.45  2.71
7.47  2.70
7.48  2.68
7.50  2.67
7.52  2.66
7.53  2.65
7.55  2.64
7.57  2.63
7.58  2.62
7.60  2.60
7.62  2.58
7.63  2.56
7.65  2.54
7.67  2.59
7.68  2.56
7.70  2.42
7.72  2.23
7.73  2.26
7.75  2.26
7.77  2.25
7.78  2.32
7.80  2.57
7.82  2.48
7.83  2.47
7.85  2.46
7.87  1.21
7.88  1.30
7.90  1.29
7.92  1.29
7.93  1.29
7.95  1.30
7.97  1.29
7.98  1.29
8.00  1.28
8.02  1.27
8.03  1.28
8.05  1.28
8.07  1.27
8.08  1.27
8.10  1.27
8.12  1.27
8.13  1.26
8.15  1.26
8.17  1.27
8.18  1.27
8.20  1.26
8.22  1.26
8.23  1.26
8.25  1.25
8.27  1.25
8.28  1.25
8.30  1.25
8.32  1.25
8.33  1.25
8.35  1.25
8.37  1.26
8.38  1.25
8.40  1.24
8.42  1.24
8.43  1.24
8.45  1.24
8.47  1.25
8.48  1.24
8.50  1.25
8.52  1.26
8.53  1.25
8.55  1.25
8.57  1.24
8.58  1.24
8.60  1.23
8.62  1.23
8.63  1.23
8.65  1.22
8.67  1.22
8.68  1.22
8.70  1.22
8.72  1.22
8.73  1.22
8.75  1.22
8.77  1.21
8.78  1.22
8.80  1.21
8.82  1.20
8.83  1.21
8.85  1.21
8.87  1.20
8.88  1.22
8.90  1.21
8.92  1.20
8.93  1.20
8.95  1.20
8.97  1.19
8.98  1.20
9.00  1.20
9.02  1.20
9.03  1.20
9.05  1.22
9.07  1.22
9.08  1.21
9.10  1.20
9.12  1.20
9.13  1.23
9.15  1.24
9.17  1.26
9.18  1.28
9.20  1.28
9.22  1.28
9.23  1.27
9.25  1.27
9.27  1.26
9.28  1.24
9.30  1.23
9.32  1.23
9.33  1.22
9.35  1.22
9.37  1.20
9.38  1.20
9.40  1.19
9.42  1.19
9.43  1.18
9.45  1.17
9.47  1.17
9.48  1.18
9.50  1.20
9.52  1.22
9.53  1.24
9.55  1.26
9.57  1.29
9.58  1.30
9.60  1.33
9.62  1.36
9.63  1.38
9.65  1.38
9.67  1.36
9.68  1.31
9.70  1.29
9.72  1.27
9.73  1.29
9.75  1.30
9.77  1.28
9.78  1.28
9.80  1.29
9.82  1.32
9.83  1.34
9.85  1.35
9.87  1.36
9.88  1.38
9.90  1.39
9.92  1.39
9.93  1.38
9.95  1.38
9.97  1.33
9.98  1.30
10.00  1.26
10.02  1.25
10.03  1.28
10.05  1.30
10.07  1.33
10.08  1.37
10.10  1.38
10.12  1.40
10.13  1.41
10.15  1.40
10.17  1.42
10.18  1.46
10.20  1.48
10.22  1.49
10.23  1.51
10.25  1.53
10.27  1.53
10.28  1.52
10.30  1.48
10.32  1.46
10.33  1.45
10.35  1.46
10.37  1.46
10.38  1.48
10.40  1.47
10.42  1.42
10.43  1.39
10.45  1.35
10.47  1.32
10.48  1.30
10.50  1.32
10.52  1.31
10.53  1.30
10.55  1.30
10.57  1.32
10.58  1.36
10.60  1.41
10.62  1.46
10.63  1.50
10.65  1.53
10.67  1.53
10.68  1.51
10.70  1.47
10.72  1.42
10.73  1.39
10.75  1.34
10.77  1.33
10.78  1.33
10.80  1.34
10.82  1.37
10.83  1.40
10.85  1.43
10.87  1.46
10.88  1.49
10.90  1.52
10.92  1.56
10.93  1.56
10.95  1.54
10.97  1.53
10.98  1.52
11.00  1.53
11.02  1.54
11.03  1.50
11.05  1.45
11.07  1.46
11.08  1.41
11.10  1.42
11.12  1.45
11.13  1.49
11.15  1.52
11.17  1.53
11.18  1.55
11.20  1.53
11.22  1.50
11.23  1.49
11.25  1.62
11.27  1.92
11.28  1.92
11.30  1.92
11.32  1.91
11.33  1.88
11.35  1.85
11.37  1.85
11.38  1.85
11.40  1.84
11.42  1.84
11.43  1.83
11.45  1.81
11.47  1.77
11.48  1.80
11.50  1.84
11.52  1.88
11.53  1.92
11.55  1.99
11.57  2.05
11.58  2.10
11.60  2.12
11.62  2.09
11.63  2.08
11.65  2.08
11.67  2.06
11.68  2.02
11.70  1.94
11.72  1.89
11.73  1.86
11.75  1.88
11.77  1.83
11.78  1.84
11.80  1.83
11.82  1.83
11.83  1.87
11.85  1.88
11.87  1.89
11.88  1.89
11.90  1.95
11.92  1.98
11.93  2.01
11.95  2.01
11.97  2.05
11.98  1.98
12.00  1.94
12.02  1.91
12.03  1.88
12.05  1.84
12.07  1.71
12.08  1.74
12.10  1.81
12.12  1.86
12.13  1.89
12.15  1.89
12.17  1.95
12.18  1.92
12.20  1.92
12.22  1.90
12.23  1.87
12.25  1.91
12.27  1.88
12.28  1.78
12.30  1.83
12.32  1.88
12.33  1.88
12.35  1.85
12.37  1.83
12.38  1.79
12.40  1.84
12.42  1.81
12.43  1.81
12.45  1.80
12.47  1.80
12.48  1.82
12.50  1.83
12.52  1.82
12.53  1.79
12.55  1.75
12.57  1.67
12.58  1.68
12.60  1.71
12.62  1.73
12.63  1.77
12.65  1.73
12.67  1.81
12.68  1.86
12.70  1.90
12.72  1.91
12.73  1.88
12.75  1.87
12.77  1.80
12.78  1.74
12.80  1.68
12.82  1.63
12.83  1.64
12.85  1.67
12.87  1.80
12.88  1.81
12.90  1.83
12.92  1.82
12.93  1.81
12.95  1.71
12.97  1.60
12.98  1.59
13.00  1.60
13.02  1.62
13.03  1.60
13.05  1.58
13.07  1.61
13.08  1.64
13.10  1.71
13.12  1.71
13.13  1.71
13.15  1.68
13.17  1.68
13.18  1.65
13.20  1.44
13.22  1.46
13.23  1.53
13.25  1.56
13.27  1.63
13.28  1.64
13.30  1.68
13.32  1.66
13.33  1.63
13.35  1.72
13.37  1.68
13.38  1.78
13.40  1.80
13.42  1.81
13.43  1.81
13.45  1.87
13.47  1.88
13.48  1.91
13.50  1.92
13.52  1.93
13.53  1.93
13.55  1.92
13.57  1.89
13.58  1.83
13.60  1.73
13.62  1.70
13.63  1.71
13.65  1.69
13.67  1.65
13.68  1.62
13.70  1.60
13.72  1.57
13.73  1.64
13.75  1.58
13.77  1.60
13.78  1.62
13.80  1.66
13.82  1.70
13.83  1.78
13.85  1.81
13.87  1.77
13.88  1.74
13.90  1.73
13.92  1.76
13.93  1.79
13.95  1.81
13.97  1.87
13.98  1.93
14.00  1.88
14.02  1.83
14.03  1.93
14.05  1.92
14.07  1.83
14.08  1.80
14.10  1.78
14.12  1.80
14.13  1.77
14.15  1.77
14.17  1.76
14.18  1.73
14.20  1.77
14.22  1.73
14.23  1.73
14.25  1.73
14.27  1.75
14.28  1.74
14.30  1.76
14.32  1.74
14.33  1.72
14.35  1.71
14.37  1.71
14.38  1.72
14.40  1.71
14.42  1.58
14.43  1.42
14.45  1.56
14.47  1.53
14.48  1.55
14.50  1.54
14.52  1.50
14.53  1.48
14.55  1.59
14.57  1.54
14.58  1.54
14.60  1.55
14.62  1.52
14.63  1.53
14.65  1.50
14.67  1.53
14.68  1.54
14.70  1.53
14.72  1.53
14.73  1.52
14.75  1.50
14.77  1.51
14.78  1.53
14.80  1.55
14.82  1.56
14.83  1.57
14.85  1.57
14.87  1.56
14.88  1.58
14.90  1.61
14.92  1.63
14.93  1.69
14.95  1.67
14.97  1.68
14.98  1.71
15.00  1.76
15.02  1.74
15.03  1.74
15.05  1.70
15.07  1.68
15.08  1.67
15.10  1.70
15.12  1.69
15.13  1.63
15.15  1.59
15.17  1.57
15.18  1.56
15.20  1.55
15.22  1.59
15.23  1.58
15.25  1.52
15.27  1.51
15.28  1.49
15.30  1.30
15.32  1.28
15.33  1.25
15.35  1.26
15.37  1.39
15.38  1.45
15.40  1.44
15.42  1.44
15.43  1.45
15.45  1.49
15.47  1.51
15.48  1.53
15.50  1.55
15.52  1.56
15.53  1.55
15.55  1.55
15.57  1.53
15.58  1.53
15.60  1.53
15.62  1.52
15.63  1.52
15.65  1.52
15.67  1.52
15.68  1.53
15.70  1.50
15.72  1.47
15.73  1.46
15.75  1.43
15.77  1.50
15.78  1.48
15.80  1.47
15.82  1.44
15.83  1.38
15.85  1.35
15.87  1.39
15.88  1.38
15.90  1.40
15.92  1.41
15.93  1.45
15.95  1.39
15.97  1.38
15.98  1.31
16.00  1.29
16.02  1.26
16.03  1.34
16.05  1.33
16.07  1.33
16.08  1.27
16.10  1.23
16.12  1.24
16.13  1.24
16.15  1.28
16.17  1.32
16.18  1.35
16.20  1.38
16.22  1.37
16.23  1.39
16.25  1.41
16.27  1.39
16.28  1.34
16.30  1.31
16.32  1.30
16.33  1.28
16.35  1.31
16.37  1.30
16.38  1.26
16.40  1.31
16.42  1.35
16.43  1.34
16.45  1.28
16.47  1.26
16.48  1.27
16.50  1.28
16.52  1.30
16.53  1.31
16.55  1.31
16.57  1.32
16.58  1.32
16.60  1.33
16.62  1.36
16.63  1.36
16.65  1.37
16.67  1.35
16.68  1.32
16.70  1.29
16.72  1.25
16.73  1.21
16.75  1.19
16.77  1.19
16.78  1.18
16.80  1.18
16.82  1.19
16.83  1.20
16.85  1.21
16.87  1.22
16.88  1.21
16.90  1.18
16.92  1.17
16.93  1.15
16.95  1.11
16.97  1.08
16.98  1.05
17.00  1.04
17.02  1.03
17.03  1.02
17.05  1.02
17.07  1.02
17.08  1.02
17.10  1.00
17.12  0.97
17.13  0.95
17.15  0.94
17.17  0.93
17.18  0.91
17.20  0.89
17.22  0.87
17.23  0.85
17.25  0.85
17.27  0.84
17.28  0.83
17.30  0.83
17.32  0.83
17.33  0.83
17.35  0.83
17.37  0.82
17.38  0.82
17.40  0.81
17.42  0.81
17.43  0.81
17.45  0.80
17.47  0.80
17.48  0.82
17.50  0.81
17.52  0.79
17.53  0.78
17.55  0.77
17.57  0.77
17.58  0.77
17.60  0.75
17.62  0.74
17.63  0.73
17.65  0.72
17.67  0.73
17.68  0.72
17.70  0.72
17.72  0.72
17.73  0.73
17.75  0.72
17.77  0.71
17.78  0.69
17.80  0.68
17.82  0.66
17.83  0.65
17.85  0.65
17.87  0.64
17.88  0.63
17.90  0.62
17.92  0.61
17.93  0.60
17.95  0.59
17.97  0.58
17.98  0.57
18.00  0.56
18.02  0.56
18.03  0.55
18.05  0.53
18.07  0.52
18.08  0.50
18.10  0.49
18.12  0.48
18.13  0.47
18.15  0.45
18.17  0.43
18.18  0.41
18.20  0.40
18.22  0.38
18.23  0.36
18.25  0.35
18.27  0.33
18.28  0.32
18.30  0.31
18.32  0.30
18.33  0.29
18.35  0.28
18.37  0.26
18.38  0.25
18.40  0.23
18.42  0.22
18.43  0.20
18.45  0.19
18.47  0.18
18.48  0.16
18.50  0.15
18.52  0.14
18.53  0.13
18.55  0.11
18.57  0.10
18.58  0.09
18.60  0.08
18.62  0.07
18.63  0.06
18.65  0.05
18.67  0.04
18.68  0.04
18.70  0.03
18.72  0.02
18.73  0.02
18.75  0.01
18.77  0.01
18.78  0.00
18.80  0.00
18.82  0.00
18.83  0.00
18.85  0.00
18.87  0.00
18.88  0.00
18.90  0.00
18.92  0.00
18.93  0.00
18.95  0.00
18.97  0.00
18.98  0.00
19.00  0.00
19.02  0.00
19.03  0.00
19.05  0.00
19.07  0.00
19.08  0.00
19.10  0.00
19.12  0.00
19.13  0.00
19.15  0.00
19.17  0.00
19.18  0.00
19.20  0.00
19.22  0.00
19.23  0.00
19.25  0.00
19.27  0.00
19.28  0.00
19.30  0.00
19.32  0.00
19.33  0.00
19.35  0.00
19.37  0.00
19.38  0.00
19.40  0.00
19.42  0.00
19.43  0.00
19.45  0.00
19.47  0.00
19.48  0.00
19.50  0.00
19.52  0.00
19.53  0.00
19.55  0.00
19.57  0.00
19.58  0.00
19.60  0.00
19.62  0.00
19.63  0.00
19.65  0.00
19.67  0.00
19.68  0.00
19.70  0.00
19.72  0.00
19.73  0.00
19.75  0.00
19.77  0.00
19.78  0.00
19.80  0.00
19.82  0.00
19.83  0.00
19.85  0.00
19.87  0.00
19.88  0.00
19.90  0.00
19.92  0.00
19.93  0.00
19.95  0.00
19.97  0.00
19.98  0.00
20.00  0.00
20.02  0.00
20.03  0.00
20.05  0.00
20.07  0.00
20.08  0.00
20.10  0.00
20.12  0.00
20.13  0.00
20.15  0.00
20.17  0.00
20.18  0.00
20.20  0.00
20.22  0.00
20.23  0.00
20.25  0.00
20.27  0.00
20.28  0.00
20.30  0.00
20.32  0.00
20.33  0.00
20.35  0.00
20.37  0.00
20.38  0.00
20.40  0.00
20.42  0.00
20.43  0.00
20.45  0.00
20.47  0.00
20.48  0.00
20.50  0.00
20.52  0.00
20.53  0.00
20.55  0.00
20.57  0.00
20.58  0.00
20.60  0.00
20.62  0.00
20.63  0.00
20.65  0.00
20.67  0.00
20.68  0.00
20.70  0.00
20.72  0.00
20.72  0.00
20.73  0.00
20.75  0.00
20.77  0.00
20.78  0.00
20.80  0.00
20.82  0.00
20.83  0.00
20.85  0.00
20.87  0.00
20.88  0.00
20.90  0.00
20.92  0.00
20.93  0.00
20.95  0.00
20.97  0.00
20.98  0.00
21.00  0.00
21.02  0.00
21.03  0.00
21.05  0.00
21.07  0.00
21.08  0.00
21.10  0.00
21.12  0.00
21.13  0.00
21.15  0.00
21.17  0.00
21.18  0.00
21.20  0.00
21.22  0.00
21.23  0.00
21.25  0.00
21.27  0.00
21.28  0.00
21.30  0.00
21.32  0.00
21.33  0.00
21.35  0.00
21.37  0.00
21.38  0.00
21.40  0.00
21.42  0.00
21.43  0.00
21.45  0.00
21.47  0.00
21.48  0.00
21.50  0.00
21.52  0.00
21.53  0.00
21.55  0.00
21.57  0.00
21.58  0.00
21.60  0.00
21.62  0.00
21.63  0.00
21.65  0.00
21.67  0.00
21.68  0.00
21.70  0.00
21.72  0.00
21.73  0.00
21.75  0.00
21.77  0.00
21.78  0.00
21.80  0.00
21.82  0.00
21.83  0.00
21.85  0.00
21.87  0.00
21.88  0.00
21.90  0.00
21.92  0.00
21.93  0.00
21.95  0.00
21.97  0.00
21.98  0.00
22.00  0.00
22.02  0.00
22.03  0.00
22.05  0.00
22.07  0.00
22.08  0.00
22.10  0.00
22.12  0.00
22.13  0.00
22.15  0.00
22.17  0.00
22.18  0.00
22.20  0.00
22.22  0.00
22.23  0.00
22.25  0.00
22.27  0.00
22.28  0.00
22.30  0.00
22.32  0.00
22.33  0.00
22.35  0.00
22.37  0.00
22.38  0.00
22.40  0.00
22.42  0.00
22.43  0.00
22.45  0.00
22.47  0.00
22.48  0.00
22.50  0.00
22.52  0.00
22.53  0.00
22.55  0.00
22.57  0.00
22.58  0.00
22.60  0.00
22.62  0.00
22.63  0.00
22.65  0.00
22.67  0.00
22.68  0.00
22.70  0.00
22.72  0.00
22.73  0.00
22.75  0.00
22.77  0.00
22.78  0.00
22.80  0.00
22.82  0.00
22.83  0.00
22.85  0.00
22.87  0.00
22.88  0.00
22.90  0.00
22.92  0.00
22.93  0.00
22.95  0.00
22.97  0.00
22.98  0.00
23.00  0.00
23.02  0.00
23.03  0.00
23.05  0.00
23.07  0.00
23.08  0.00
23.10  0.00
23.12  0.00
23.13  0.00
23.15  0.00
23.17  0.00
23.18  0.00
23.20  0.00
23.22  0.00
23.23  0.00
23.25  0.00
23.27  0.00
23.28  0.00
23.30  0.00
23.32  0.00
23.33  0.00
23.35  0.00
23.37  0.00
23.38  0.00
23.40  0.00
23.42  0.00
23.43  0.00
23.45  0.00
23.47  0.00
23.48  0.00
23.50  0.00
23.52  0.00
23.53  0.00
23.55  0.00
23.57  0.00
23.58  0.00
23.60  0.00
23.62  0.00
23.63  0.00
23.65  0.00
23.67  0.00
23.68  0.00
23.70  0.00
23.72  0.00
23.73  0.00
23.75  0.00
23.77  0.00
23.78  0.00
23.80  0.00
23.82  0.00
23.83  0.00
23.85  0.00
23.87  0.00
23.88  0.00
23.90  0.00
23.92  0.00
23.93  0.00
23.95  0.00
23.97  0.00
23.98  0.00

