genericdecfile
-3.60   40.15
16  9  2015
0.02  0.00
0.03  0.00
0.05  0.00
0.07  0.00
0.08  0.00
0.10  0.00
0.12  0.00
0.13  0.00
0.15  0.00
0.17  0.00
0.18  0.00
0.20  0.00
0.22  0.00
0.23  0.00
0.25  0.00
0.27  0.00
0.28  0.00
0.30  0.00
0.32  0.00
0.33  0.00
0.35  0.00
0.37  0.00
0.38  0.00
0.40  0.00
0.42  0.00
0.45  0.00
0.47  0.00
0.48  0.00
0.50  0.00
0.52  0.00
0.53  0.00
0.55  0.00
0.57  0.00
0.58  0.00
0.60  0.00
0.62  0.00
0.63  0.00
0.65  0.00
0.67  0.00
0.68  0.00
0.70  0.00
0.72  0.00
0.73  0.00
0.75  0.00
0.77  0.00
0.78  0.00
0.80  0.00
0.82  0.00
0.83  0.00
0.85  0.00
0.87  0.00
0.88  0.00
0.90  0.00
0.92  0.00
0.93  0.00
0.95  0.00
0.98  0.00
1.00  0.00
1.02  0.00
1.03  0.00
1.05  0.00
1.07  0.00
1.08  0.00
1.10  0.00
1.12  0.00
1.13  0.00
1.15  0.00
1.17  0.00
1.18  0.00
1.20  0.00
1.22  0.00
1.23  0.00
1.25  0.00
1.27  0.00
1.28  0.00
1.30  0.00
1.32  0.00
1.33  0.00
1.35  0.00
1.37  0.00
1.38  0.00
1.40  0.00
1.42  0.00
1.43  0.00
1.45  0.00
1.47  0.00
1.48  0.00
1.52  0.00
1.53  0.00
1.55  0.00
1.57  0.00
1.58  0.00
1.60  0.00
1.62  0.00
1.63  0.00
1.65  0.00
1.67  0.00
1.68  0.00
1.70  0.00
1.72  0.00
1.73  0.00
1.75  0.00
1.77  0.00
1.78  0.00
1.80  0.00
1.82  0.00
1.83  0.00
1.85  0.00
1.87  0.00
1.88  0.00
1.90  0.00
1.92  0.00
1.93  0.00
1.95  0.00
1.97  0.00
1.98  0.00
2.00  0.00
2.02  0.00
2.03  0.00
2.07  0.00
2.08  0.00
2.10  0.00
2.12  0.00
2.13  0.00
2.15  0.00
2.17  0.00
2.18  0.00
2.20  0.00
2.22  0.00
2.23  0.00
2.25  0.00
2.27  0.00
2.28  0.00
2.30  0.00
2.32  0.00
2.33  0.00
2.35  0.00
2.37  0.00
2.38  0.00
2.40  0.00
2.42  0.00
2.43  0.00
2.45  0.00
2.47  0.00
2.48  0.00
2.50  0.00
2.52  0.00
2.53  0.00
2.55  0.00
2.57  0.00
2.60  0.00
2.62  0.00
2.63  0.00
2.65  0.00
2.67  0.00
2.68  0.00
2.70  0.00
2.72  0.00
2.73  0.00
2.75  0.00
2.77  0.00
2.78  0.00
2.80  0.00
2.82  0.00
2.83  0.00
2.85  0.00
2.87  0.00
2.88  0.00
2.90  0.00
2.92  0.00
2.93  0.00
2.95  0.00
2.97  0.00
2.98  0.00
3.00  0.00
3.02  0.00
3.03  0.00
3.05  0.00
3.07  0.00
3.08  0.00
3.10  0.00
3.13  0.00
3.15  0.00
3.17  0.00
3.18  0.00
3.20  0.00
3.22  0.00
3.23  0.00
3.25  0.00
3.27  0.00
3.28  0.00
3.30  0.00
3.32  0.00
3.33  0.00
3.35  0.00
3.37  0.00
3.38  0.00
3.40  0.00
3.42  0.00
3.43  0.00
3.45  0.00
3.47  0.00
3.48  0.00
3.50  0.00
3.52  0.00
3.53  0.00
3.55  0.00
3.57  0.00
3.58  0.00
3.60  0.00
3.62  0.00
3.63  0.00
3.67  0.00
3.68  0.00
3.70  0.00
3.72  0.00
3.73  0.00
3.75  0.00
3.77  0.00
3.78  0.00
3.80  0.00
3.82  0.00
3.83  0.00
3.85  0.00
3.87  0.00
3.88  0.00
3.90  0.00
3.92  0.00
3.93  0.00
3.95  0.00
3.97  0.00
3.98  0.00
4.00  0.00
4.02  0.00
4.03  0.00
4.05  0.00
4.07  0.00
4.08  0.00
4.10  0.00
4.12  0.00
4.13  0.00
4.15  0.00
4.17  0.00
4.18  0.00
4.22  0.00
4.23  0.00
4.25  0.00
4.27  0.00
4.28  0.00
4.30  0.00
4.32  0.00
4.33  0.00
4.35  0.00
4.37  0.00
4.38  0.00
4.40  0.00
4.42  0.00
4.43  0.00
4.45  0.00
4.47  0.00
4.48  0.00
4.50  0.00
4.52  0.00
4.53  0.00
4.55  0.00
4.57  0.00
4.58  0.00
4.60  0.00
4.62  0.00
4.63  0.00
4.65  0.00
4.67  0.00
4.68  0.00
4.70  0.00
4.72  0.00
4.75  0.00
4.77  0.00
4.78  0.00
4.80  0.00
4.82  0.00
4.83  0.00
4.85  0.00
4.87  0.00
4.88  0.00
4.90  0.00
4.92  0.00
4.93  0.00
4.95  0.00
4.97  0.00
4.98  0.00
5.00  0.00
5.02  0.00
5.03  0.00
5.05  0.00
5.07  0.00
5.08  0.00
5.10  0.00
5.12  0.00
5.13  0.00
5.15  0.00
5.17  0.00
5.18  0.00
5.20  0.00
5.22  0.00
5.23  0.00
5.25  0.00
5.28  0.00
5.30  0.00
5.32  0.00
5.33  0.00
5.35  0.00
5.37  0.00
5.38  0.00
5.40  0.00
5.42  0.00
5.43  0.00
5.45  0.01
5.47  0.01
5.48  0.02
5.50  0.03
5.52  0.04
5.53  0.05
5.55  0.06
5.57  0.08
5.58  0.10
5.60  0.13
5.62  0.16
5.63  0.19
5.65  0.23
5.67  0.27
5.68  0.31
5.70  0.35
5.72  0.39
5.73  0.43
5.75  0.47
5.77  0.51
5.78  0.56
5.82  0.61
5.83  0.65
5.85  0.70
5.87  0.75
5.88  0.81
5.90  0.88
5.92  0.98
5.93  1.07
5.95  1.16
5.97  1.23
5.98  1.32
6.00  1.40
6.02  1.49
6.03  1.57
6.05  1.65
6.07  1.74
6.08  1.84
6.10  1.93
6.12  2.08
6.13  2.43
6.15  2.52
6.17  2.42
6.18  2.72
6.20  3.02
6.22  2.96
6.23  2.83
6.25  2.97
6.27  3.06
6.28  3.04
6.30  2.93
6.32  2.96
6.33  2.93
6.37  2.97
6.38  2.91
6.40  2.92
6.42  2.98
6.43  3.08
6.45  3.06
6.47  2.99
6.48  3.03
6.50  3.09
6.52  3.06
6.53  3.03
6.55  3.05
6.57  3.10
6.58  3.20
6.60  3.26
6.62  3.29
6.63  3.26
6.65  3.33
6.67  3.40
6.68  3.44
6.70  3.48
6.72  3.48
6.73  3.48
6.75  3.49
6.77  3.50
6.78  3.50
6.80  3.49
6.82  3.49
6.83  3.51
6.85  3.51
6.87  3.51
6.90  3.53
6.92  3.54
6.93  3.55
6.95  3.57
6.97  3.54
6.98  3.54
7.00  3.46
7.02  3.52
7.03  3.50
7.05  3.52
7.07  3.53
7.08  3.36
7.10  3.50
7.12  3.47
7.13  3.52
7.15  3.64
7.17  3.72
7.18  3.73
7.20  3.77
7.22  3.76
7.23  3.80
7.25  3.81
7.27  3.80
7.28  3.81
7.30  3.81
7.32  3.83
7.33  3.83
7.35  3.82
7.37  3.87
7.38  3.90
7.40  3.74
7.43  3.90
7.45  3.92
7.47  3.95
7.48  3.77
7.50  3.99
7.52  4.02
7.53  3.59
7.55  3.51
7.57  4.05
7.58  4.06
7.60  4.08
7.62  4.07
7.63  4.06
7.65  3.46
7.67  4.06
7.68  4.07
7.70  4.06
7.72  4.06
7.73  4.06
7.75  4.06
7.77  4.07
7.78  4.07
7.80  4.05
7.82  4.07
7.83  4.09
7.85  4.09
7.87  4.08
7.88  4.09
7.90  4.10
7.92  4.10
7.93  4.10
7.97  4.11
7.98  4.11
8.00  4.12
8.02  4.13
8.03  4.14
8.05  4.15
8.07  4.15
8.08  3.92
8.10  4.17
8.12  4.16
8.13  4.16
8.15  4.16
8.17  4.18
8.18  4.22
8.20  4.23
8.22  3.92
8.23  4.11
8.25  4.13
8.27  4.21
8.28  4.22
8.30  4.24
8.32  3.94
8.33  4.04
8.35  3.89
8.37  3.70
8.38  3.75
8.40  3.43
8.42  3.24
8.43  3.19
8.45  3.27
8.47  3.38
8.50  3.32
8.52  3.23
8.53  3.31
8.55  3.26
8.57  3.40
8.58  3.49
8.60  3.59
8.62  3.59
8.63  3.55
8.65  3.49
8.67  3.51
8.68  3.56
8.70  3.54
8.72  3.57
8.73  3.58
8.75  3.75
8.77  3.84
8.78  3.72
8.80  3.66
8.82  3.72
8.83  3.55
8.85  3.58
8.87  3.73
8.88  3.88
8.90  3.66
8.92  3.91
8.93  3.89
8.95  3.73
8.97  3.71
8.98  3.67
9.00  3.73
9.03  3.79
9.05  4.06
9.07  4.06
9.08  3.95
9.10  4.05
9.12  4.08
9.13  4.07
9.15  4.03
9.17  4.08
9.18  4.10
9.20  4.10
9.22  4.12
9.23  4.08
9.25  4.10
9.27  4.08
9.28  4.12
9.30  3.73
9.32  3.74
9.33  3.79
9.35  4.11
9.37  3.96
9.38  3.69
9.40  4.19
9.42  4.12
9.43  3.90
9.45  4.14
9.47  4.19
9.48  4.18
9.50  4.18
9.52  4.14
9.53  4.17
9.57  4.19
9.58  4.18
9.60  4.20
9.62  4.21
9.63  4.01
9.65  4.16
9.67  4.22
9.68  4.23
9.70  4.22
9.72  4.22
9.73  4.23
9.75  4.20
9.77  4.21
9.78  4.17
9.80  4.14
9.82  4.20
9.83  4.22
9.85  4.22
9.87  4.21
9.88  4.22
9.90  4.20
9.92  4.03
9.93  3.99
9.95  3.95
9.97  4.23
9.98  4.23
10.00  4.04
10.02  4.24
10.03  4.23
10.05  4.24
10.07  4.25
10.08  4.17
10.12  3.69
10.13  3.65
10.15  4.24
10.17  4.01
10.18  3.72
10.20  3.75
10.22  4.11
10.23  4.15
10.25  3.82
10.27  3.76
10.28  3.79
10.30  3.76
10.32  3.66
10.33  3.86
10.35  4.00
10.37  3.66
10.38  3.71
10.40  3.55
10.42  3.75
10.43  4.21
10.45  3.69
10.47  3.81
10.48  3.75
10.50  3.67
10.52  3.76
10.53  3.92
10.55  3.77
10.57  3.86
10.58  3.72
10.60  3.65
10.62  3.55
10.65  3.46
10.67  3.41
10.68  3.40
10.70  3.40
10.72  3.31
10.73  3.30
10.75  2.49
10.77  2.48
10.78  2.64
10.80  2.89
10.82  3.06
10.83  3.06
10.85  3.08
10.87  2.98
10.88  2.98
10.90  2.94
10.92  2.88
10.93  2.73
10.95  2.53
10.97  2.48
10.98  2.66
11.00  2.75
11.02  2.84
11.03  3.03
11.05  3.08
11.07  2.95
11.08  3.00
11.10  2.74
11.12  2.84
11.13  2.89
11.15  2.73
11.18  2.68
11.20  2.60
11.22  2.49
11.23  2.52
11.25  2.85
11.27  2.91
11.28  2.95
11.30  2.70
11.32  2.82
11.33  2.86
11.35  2.94
11.37  3.05
11.38  2.89
11.40  2.87
11.42  2.89
11.43  2.79
11.45  2.76
11.47  2.80
11.48  3.05
11.50  3.09
11.52  2.96
11.53  3.02
11.55  3.01
11.57  2.94
11.58  2.96
11.60  2.92
11.62  2.84
11.63  2.82
11.65  2.91
11.67  3.01
11.68  3.00
11.72  2.78
11.73  2.76
11.75  2.68
11.77  2.77
11.78  3.01
11.80  2.90
11.82  2.84
11.83  2.95
11.85  2.71
11.87  2.87
11.88  2.90
11.90  2.93
11.92  2.86
11.93  2.78
11.95  2.82
11.97  2.87
11.98  2.83
12.00  2.73
12.02  2.67
12.03  2.58
12.05  2.65
12.07  2.83
12.08  2.89
12.10  2.79
12.12  2.91
12.13  2.80
12.15  2.75
12.17  2.74
12.18  2.76
12.20  2.75
12.22  2.72
12.25  2.85
12.27  2.95
12.28  2.53
12.30  2.53
12.32  2.33
12.33  2.79
12.35  2.71
12.37  2.71
12.38  2.68
12.40  2.64
12.42  2.78
12.43  2.79
12.45  2.57
12.47  2.66
12.48  2.61
12.50  2.60
12.52  2.64
12.53  2.63
12.55  2.49
12.57  2.58
12.58  2.74
12.60  2.71
12.62  2.76
12.63  2.69
12.65  2.64
12.67  2.72
12.68  2.46
12.70  2.56
12.72  2.58
12.73  2.71
12.75  2.72
12.78  2.86
12.80  2.88
12.82  2.71
12.83  2.64
12.85  2.62
12.87  2.61
12.88  2.48
12.90  2.42
12.92  2.32
12.93  2.62
12.95  2.70
12.97  2.71
12.98  2.68
13.00  2.52
13.02  2.43
13.03  2.34
13.05  2.34
13.07  2.35
13.08  2.27
13.10  2.47
13.12  2.55
13.13  2.35
13.15  2.33
13.17  2.29
13.18  2.21
13.20  2.34
13.22  2.71
13.23  2.58
13.25  2.59
13.27  2.64
13.28  2.34
13.32  2.16
13.33  2.26
13.35  2.31
13.37  2.50
13.38  2.77
13.40  2.78
13.42  2.68
13.43  2.70
13.45  2.80
13.47  2.71
13.48  2.58
13.50  2.56
13.52  2.58
13.53  2.39
13.55  2.28
13.57  2.21
13.58  2.29
13.60  2.49
13.62  2.35
13.63  2.19
13.65  1.89
13.67  1.98
13.68  2.09
13.70  2.08
13.72  2.08
13.73  1.88
13.75  1.65
13.77  1.67
13.78  1.98
13.80  2.06
13.82  2.20
13.83  1.91
13.87  1.65
13.88  1.67
13.90  1.84
13.92  1.99
13.93  1.88
13.95  1.73
13.97  1.37
13.98  1.44
14.00  1.60
14.02  1.64
14.03  1.67
14.05  1.75
14.07  1.65
14.08  1.49
14.10  1.59
14.12  1.66
14.13  1.68
14.15  2.05
14.17  1.95
14.18  1.91
14.20  1.88
14.22  1.93
14.23  1.89
14.25  1.62
14.27  1.44
14.28  1.42
14.30  1.58
14.32  1.66
14.33  1.53
14.35  1.61
14.37  1.65
14.40  1.68
14.42  1.76
14.43  1.88
14.45  2.01
14.47  2.05
14.48  2.23
14.50  2.36
14.52  2.40
14.53  2.47
14.55  2.49
14.57  2.40
14.58  2.23
14.60  2.37
14.62  2.36
14.63  2.32
14.65  2.38
14.67  2.39
14.68  2.41
14.70  2.46
14.72  2.47
14.73  2.46
14.75  2.38
14.77  2.31
14.78  2.06
14.80  1.77
14.82  1.73
14.83  1.70
14.85  1.75
14.87  1.91
14.88  1.93
14.90  2.07
14.93  2.18
14.95  2.18
14.97  2.17
14.98  2.24
15.00  2.44
15.02  2.49
15.03  2.38
15.05  2.44
15.07  2.56
15.08  2.51
15.10  2.39
15.12  2.38
15.13  2.30
15.15  2.43
15.17  2.48
15.18  2.27
15.20  2.21
15.22  2.17
15.23  2.06
15.25  1.96
15.27  1.92
15.28  1.96
15.30  1.99
15.32  2.19
15.33  2.26
15.35  2.36
15.37  2.50
15.38  2.29
15.40  2.25
15.42  2.02
15.43  1.73
15.47  1.56
15.48  1.52
15.50  1.54
15.52  1.57
15.53  1.59
15.55  1.57
15.57  1.37
15.58  1.57
15.60  1.58
15.62  1.59
15.63  1.82
15.65  1.84
15.67  1.81
15.68  1.96
15.70  2.03
15.72  2.12
15.73  2.14
15.75  2.15
15.77  2.12
15.78  2.15
15.80  2.15
15.82  2.19
15.83  2.14
15.85  2.06
15.87  2.05
15.88  1.93
15.90  1.83
15.92  1.71
15.93  1.55
15.95  1.48
15.97  1.49
16.00  1.45
16.02  1.40
16.03  1.47
16.05  1.63
16.07  1.71
16.08  1.71
16.10  1.77
16.12  1.81
16.13  1.79
16.15  1.88
16.17  1.90
16.18  1.71
16.20  1.60
16.22  1.63
16.23  1.82
16.25  1.80
16.27  1.59
16.28  1.74
16.30  1.92
16.32  1.98
16.33  1.97
16.35  2.12
16.37  1.92
16.38  1.72
16.40  1.59
16.42  1.62
16.43  1.60
16.45  1.67
16.47  1.66
16.48  1.81
16.50  1.78
16.53  1.76
16.55  1.66
16.57  1.64
16.58  1.54
16.60  1.45
16.62  1.26
16.63  0.93
16.65  0.93
16.67  1.00
16.68  0.95
16.70  0.74
16.72  0.77
16.73  1.05
16.75  1.26
16.77  1.14
16.78  1.10
16.80  1.21
16.82  1.40
16.83  1.49
16.85  1.46
16.87  1.54
16.88  1.60
16.90  1.47
16.92  1.17
16.93  0.87
16.95  0.78
16.97  0.73
16.98  0.72
17.00  0.63
17.02  0.53
17.03  0.50
17.07  0.50
17.08  0.55
17.10  0.66
17.12  0.70
17.13  0.72
17.15  0.76
17.17  0.75
17.18  0.76
17.20  0.85
17.22  1.00
17.23  0.95
17.25  0.96
17.27  1.06
17.28  0.90
17.30  0.79
17.32  0.74
17.33  0.95
17.35  1.11
17.37  0.92
17.38  0.80
17.40  0.83
17.42  0.48
17.43  0.56
17.45  0.66
17.47  0.50
17.48  0.49
17.50  0.63
17.52  0.56
17.53  0.65
17.55  0.65
17.57  0.69
17.58  0.64
17.62  0.68
17.63  0.67
17.65  0.77
17.67  0.66
17.68  0.57
17.70  0.51
17.72  0.47
17.73  0.52
17.75  0.55
17.77  0.52
17.78  0.54
17.80  0.61
17.82  0.67
17.83  0.60
17.85  0.47
17.87  0.39
17.88  0.34
17.90  0.31
17.92  0.31
17.93  0.30
17.95  0.29
17.97  0.27
17.98  0.24
18.00  0.22
18.02  0.20
18.03  0.19
18.05  0.23
18.07  0.22
18.08  0.22
18.10  0.21
18.12  0.20
18.15  0.18
18.17  0.15
18.18  0.14
18.20  0.13
18.22  0.12
18.23  0.14
18.25  0.14
18.27  0.14
18.28  0.12
18.30  0.11
18.32  0.10
18.33  0.10
18.35  0.09
18.37  0.08
18.38  0.07
18.40  0.06
18.42  0.05
18.43  0.04
18.45  0.02
18.47  0.02
18.48  0.02
18.50  0.01
18.52  0.01
18.53  0.00
18.55  0.00
18.57  0.00
18.58  0.00
18.60  0.00
18.62  0.00
18.63  0.00
18.65  0.00
18.68  0.00
18.70  0.00
18.72  0.00
18.73  0.00
18.75  0.00
18.77  0.00
18.78  0.00
18.80  0.00
18.82  0.00
18.83  0.00
18.85  0.00
18.87  0.00
18.88  0.00
18.90  0.00
18.92  0.00
18.93  0.00
18.95  0.00
18.97  0.00
18.98  0.00
19.00  0.00
19.02  0.00
19.03  0.00
19.05  0.00
19.07  0.00
19.08  0.00
19.10  0.00
19.12  0.00
19.13  0.00
19.15  0.00
19.17  0.00
19.18  0.00
19.22  0.00
19.23  0.00
19.25  0.00
19.27  0.00
19.28  0.00
19.30  0.00
19.32  0.00
19.33  0.00
19.35  0.00
19.37  0.00
19.38  0.00
19.40  0.00
19.42  0.00
19.43  0.00
19.45  0.00
19.47  0.00
19.48  0.00
19.50  0.00
19.52  0.00
19.53  0.00
19.55  0.00
19.57  0.00
19.58  0.00
19.60  0.00
19.62  0.00
19.63  0.00
19.65  0.00
19.67  0.00
19.68  0.00
19.70  0.00
19.72  0.00
19.75  0.00
19.77  0.00
19.78  0.00
19.80  0.00
19.82  0.00
19.83  0.00
19.85  0.00
19.87  0.00
19.88  0.00
19.90  0.00
19.92  0.00
19.93  0.00
19.95  0.00
19.97  0.00
19.98  0.00
20.00  0.00
20.02  0.00
20.03  0.00
20.05  0.00
20.07  0.00
20.08  0.00
20.10  0.00
20.12  0.00
20.13  0.00
20.15  0.00
20.17  0.00
20.18  0.00
20.20  0.00
20.22  0.00
20.23  0.00
20.25  0.00
20.27  0.00
20.30  0.00
20.32  0.00
20.33  0.00
20.35  0.00
20.37  0.00
20.38  0.00
20.40  0.00
20.42  0.00
20.43  0.00
20.45  0.00
20.47  0.00
20.48  0.00
20.50  0.00
20.52  0.00
20.53  0.00
20.55  0.00
20.57  0.00
20.58  0.00
20.60  0.00
20.62  0.00
20.63  0.00
20.65  0.00
20.67  0.00
20.68  0.00
20.70  0.00
20.72  0.00
20.73  0.00
20.75  0.00
20.77  0.00
20.78  0.00
20.80  0.00
20.83  0.00
20.85  0.00
20.87  0.00
20.88  0.00
20.90  0.00
20.92  0.00
20.93  0.00
20.95  0.00
20.97  0.00
20.98  0.00
21.00  0.00
21.02  0.00
21.03  0.00
21.05  0.00
21.07  0.00
21.08  0.00
21.10  0.00
21.12  0.00
21.13  0.00
21.15  0.00
21.17  0.00
21.18  0.00
21.20  0.00
21.22  0.00
21.23  0.00
21.25  0.00
21.27  0.00
21.28  0.00
21.30  0.00
21.32  0.00
21.33  0.00
21.37  0.00
21.38  0.00
21.40  0.00
21.42  0.00
21.43  0.00
21.45  0.00
21.47  0.00
21.48  0.00
21.50  0.00
21.52  0.00
21.53  0.00
21.55  0.00
21.57  0.00
21.58  0.00
21.60  0.00
21.62  0.00
21.63  0.00
21.65  0.00
21.67  0.00
21.68  0.00
21.70  0.00
21.72  0.00
21.73  0.00
21.75  0.00
21.77  0.00
21.78  0.00
21.80  0.00
21.82  0.00
21.83  0.00
21.85  0.00
21.87  0.00
21.90  0.00
21.92  0.00
21.93  0.00
21.95  0.00
21.97  0.00
21.98  0.00
22.00  0.00
22.02  0.00
22.03  0.00
22.05  0.00
22.07  0.00
22.08  0.00
22.10  0.00
22.12  0.00
22.13  0.00
22.15  0.00
22.17  0.00
22.18  0.00
22.20  0.00
22.22  0.00
22.23  0.00
22.25  0.00
22.27  0.00
22.28  0.00
22.30  0.00
22.32  0.00
22.33  0.00
22.35  0.00
22.37  0.00
22.38  0.00
22.40  0.00
22.42  0.00
22.45  0.00
22.47  0.00
22.48  0.00
22.50  0.00
22.52  0.00
22.53  0.00
22.55  0.00
22.57  0.00
22.58  0.00
22.60  0.00
22.62  0.00
22.63  0.00
22.65  0.00
22.67  0.00
22.68  0.00
22.70  0.00
22.72  0.00
22.73  0.00
22.75  0.00
22.77  0.00
22.78  0.00
22.80  0.00
22.82  0.00
22.83  0.00
22.85  0.00
22.87  0.00
22.88  0.00
22.90  0.00
22.92  0.00
22.93  0.00
22.95  0.00
22.98  0.00
23.00  0.00
23.02  0.00
23.03  0.00
23.05  0.00
23.07  0.00
23.08  0.00
23.10  0.00
23.12  0.00
23.13  0.00
23.15  0.00
23.17  0.00
23.18  0.00
23.20  0.00
23.22  0.00
23.23  0.00
23.25  0.00
23.27  0.00
23.28  0.00
23.30  0.00
23.32  0.00
23.33  0.00
23.35  0.00
23.37  0.00
23.38  0.00
23.40  0.00
23.42  0.00
23.43  0.00
23.45  0.00
23.47  0.00
23.48  0.00
Longitud y latitud reales:  -3.60  40.15
105.00  86.60
16  9  2015
23.52  0.00
23.53  0.00
23.55  0.00
23.57  0.00
23.58  0.00
23.60  0.00
23.62  0.00
23.63  0.00
23.65  0.00
23.67  0.00
23.68  0.00
23.70  0.00
23.72  0.00
23.73  0.00
23.75  0.00
23.77  0.00
23.78  0.00
23.80  0.00
23.82  0.00
23.83  0.00
23.85  0.00
23.87  0.00
23.88  0.00
23.90  0.00
23.92  0.00
23.93  0.00
23.95  0.00
23.97  0.00
23.98  0.00
