genericdec
-3.60   40.15
16   6   2015
0.00  0.00
0.02  0.00
0.03  0.00
0.05  0.00
0.07  0.00
0.08  0.00
0.10  0.00
0.12  0.00
0.13  0.00
0.15  0.00
0.17  0.00
0.18  0.00
0.20  0.00
0.22  0.00
0.23  0.00
0.25  0.00
0.27  0.00
0.28  0.00
0.30  0.00
0.32  0.00
0.33  0.00
0.35  0.00
0.37  0.00
0.38  0.00
0.40  0.00
0.42  0.00
0.43  0.00
0.45  0.00
0.47  0.00
0.48  0.00
0.50  0.00
0.52  0.00
0.53  0.00
0.55  0.00
0.57  0.00
0.58  0.00
0.60  0.00
0.62  0.00
0.63  0.00
0.65  0.00
0.67  0.00
0.68  0.00
0.70  0.00
0.72  0.00
0.73  0.00
0.75  0.00
0.77  0.00
0.78  0.00
0.80  0.00
0.82  0.00
0.83  0.00
0.85  0.00
0.87  0.00
0.88  0.00
0.90  0.00
0.92  0.00
0.93  0.00
0.95  0.00
0.97  0.00
0.98  0.00
1.00  0.00
1.02  0.00
1.03  0.00
1.05  0.00
1.07  0.00
1.08  0.00
1.10  0.00
1.12  0.00
1.13  0.00
1.15  0.00
1.17  0.00
1.18  0.00
1.20  0.00
1.22  0.00
1.23  0.00
1.25  0.00
1.27  0.00
1.28  0.00
1.30  0.00
1.32  0.00
1.33  0.00
1.35  0.00
1.37  0.00
1.38  0.00
1.40  0.00
1.42  0.00
1.43  0.00
1.45  0.00
1.47  0.00
1.48  0.00
1.50  0.00
1.52  0.00
1.53  0.00
1.55  0.00
1.57  0.00
1.58  0.00
1.60  0.00
1.62  0.00
1.63  0.00
1.65  0.00
1.67  0.00
1.68  0.00
1.70  0.00
1.72  0.00
1.73  0.00
1.75  0.00
1.77  0.00
1.78  0.00
1.80  0.00
1.82  0.00
1.83  0.00
1.85  0.00
1.87  0.00
1.88  0.00
1.90  0.00
1.92  0.00
1.93  0.00
1.95  0.00
1.97  0.00
1.98  0.00
2.00  0.00
2.02  0.00
2.03  0.00
2.05  0.00
2.07  0.00
2.08  0.00
2.10  0.00
2.12  0.00
2.13  0.00
2.15  0.00
2.17  0.00
2.18  0.00
2.20  0.00
2.22  0.00
2.23  0.00
2.25  0.00
2.27  0.00
2.28  0.00
2.30  0.00
2.32  0.00
2.33  0.00
2.35  0.00
2.37  0.00
2.38  0.00
2.40  0.00
2.42  0.00
2.43  0.00
2.45  0.00
2.47  0.00
2.48  0.00
2.50  0.00
2.52  0.00
2.53  0.00
2.55  0.00
2.57  0.00
2.58  0.00
2.60  0.00
2.62  0.00
2.63  0.00
2.65  0.00
2.67  0.00
2.68  0.00
2.70  0.00
2.72  0.00
2.73  0.00
2.75  0.00
2.77  0.00
2.78  0.00
2.80  0.00
2.82  0.00
2.83  0.00
2.85  0.00
2.87  0.00
2.88  0.00
2.90  0.00
2.92  0.00
2.93  0.00
2.95  0.00
2.97  0.00
2.98  0.00
3.00  0.00
3.02  0.00
3.03  0.00
3.05  0.00
3.07  0.00
3.08  0.00
3.10  0.01
3.12  0.01
3.13  0.01
3.15  0.02
3.17  0.02
3.18  0.03
3.20  0.04
3.22  0.04
3.23  0.05
3.25  0.06
3.27  0.07
3.28  0.08
3.30  0.09
3.32  0.10
3.33  0.11
3.35  0.13
3.37  0.14
3.38  0.15
3.40  0.17
3.42  0.19
3.43  0.21
3.45  0.22
3.47  0.24
3.48  0.26
3.50  0.28
3.52  0.30
3.53  0.32
3.55  0.34
3.57  0.36
3.58  0.39
3.60  0.42
3.62  0.50
3.63  0.60
3.65  0.67
3.67  0.71
3.68  0.75
3.70  0.79
3.72  0.83
3.73  0.87
3.75  0.91
3.77  0.96
3.78  1.00
3.80  1.04
3.82  1.07
3.83  1.12
3.85  1.16
3.87  1.19
3.88  1.23
3.90  1.26
3.92  1.29
3.93  1.32
3.95  1.35
3.97  1.38
3.98  1.41
4.00  1.44
4.02  1.46
4.03  1.49
4.05  1.51
4.07  1.53
4.08  1.56
4.10  1.58
4.12  1.60
4.13  1.62
4.15  1.64
4.17  1.67
4.18  1.68
4.20  1.69
4.22  1.71
4.23  1.73
4.25  1.74
4.27  1.76
4.28  1.77
4.30  1.79
4.32  1.80
4.33  1.81
4.35  1.83
4.37  1.84
4.38  1.85
4.40  1.87
4.42  1.88
4.43  1.88
4.45  1.89
4.47  1.90
4.48  1.91
4.50  1.92
4.52  1.93
4.53  1.94
4.55  1.94
4.57  1.95
4.58  1.96
4.60  1.97
4.62  1.98
4.63  1.99
4.65  2.00
4.67  2.00
4.68  2.01
4.70  2.02
4.72  2.03
4.73  2.03
4.75  2.04
4.77  2.05
4.78  2.05
4.80  2.06
4.82  2.06
4.83  2.07
4.85  2.08
4.87  2.08
4.88  2.09
4.90  2.10
4.92  2.10
4.93  2.11
4.95  2.12
4.97  2.12
4.98  2.13
5.00  2.14
5.02  2.14
5.03  2.15
5.05  2.15
5.07  2.16
5.08  2.16
5.10  2.17
5.12  2.18
5.13  2.18
5.15  2.19
5.17  2.20
5.18  2.20
5.20  2.21
5.22  2.21
5.23  2.22
5.25  2.23
5.27  2.24
5.28  2.24
5.30  2.25
5.32  2.25
5.33  2.26
5.35  2.27
5.37  2.27
5.38  2.28
5.40  2.29
5.42  2.29
5.43  2.37
5.45  2.30
5.47  2.31
5.48  2.41
5.50  2.31
5.52  2.32
5.53  2.32
5.55  2.33
5.57  2.32
5.58  2.33
5.60  2.33
5.62  2.33
5.63  2.34
5.65  2.34
5.67  2.34
5.68  2.36
5.70  2.36
5.72  2.36
5.73  2.36
5.75  2.36
5.77  2.36
5.78  2.36
5.80  2.36
5.82  2.36
5.83  2.37
5.85  2.37
5.87  2.38
5.88  2.38
5.90  2.38
5.92  2.38
5.93  2.38
5.95  2.40
5.97  2.39
5.98  2.38
6.00  2.39
6.02  2.39
6.03  2.40
6.05  2.39
6.07  2.40
6.08  2.40
6.10  2.40
6.12  2.41
6.13  2.40
6.15  2.43
6.17  2.41
6.18  2.42
6.20  2.41
6.22  2.44
6.23  2.43
6.25  2.43
6.27  2.44
6.28  2.43
6.30  2.43
6.32  2.44
6.33  2.44
6.35  2.44
6.37  2.44
6.38  2.46
6.40  2.45
6.42  2.45
6.43  2.45
6.45  2.45
6.47  2.45
6.48  2.46
6.50  2.47
6.52  2.47
6.53  2.47
6.55  2.46
6.57  2.50
6.58  2.49
6.60  2.55
6.62  2.49
6.63  2.49
6.65  2.62
6.67  2.49
6.68  2.51
6.70  2.76
6.72  2.57
6.73  2.68
6.75  2.57
6.77  2.57
6.78  3.19
6.80  2.60
6.82  2.71
6.83  2.66
6.85  2.62
6.87  2.74
6.88  2.87
6.90  3.13
6.92  2.94
6.93  3.30
6.95  3.45
6.97  4.01
6.98  4.00
7.00  4.06
7.02  4.16
7.03  4.14
7.05  4.16
7.07  4.16
7.08  4.16
7.10  4.16
7.12  4.16
7.13  4.16
7.15  4.16
7.17  4.03
7.18  3.61
7.20  3.82
7.22  2.74
7.23  2.57
7.25  2.60
7.27  2.56
7.28  2.53
7.30  2.53
7.32  2.54
7.33  2.52
7.35  2.47
7.37  2.44
7.38  2.42
7.40  2.39
7.42  2.37
7.43  2.36
7.45  2.35
7.47  2.34
7.48  2.33
7.50  2.32
7.52  2.33
7.53  2.31
7.55  2.30
7.57  2.29
7.58  2.26
7.60  2.24
7.62  2.22
7.63  2.24
7.65  2.24
7.67  2.21
7.68  2.21
7.70  2.18
7.72  2.16
7.73  2.15
7.75  2.15
7.77  2.14
7.78  2.13
7.80  2.14
7.82  2.12
7.83  2.10
7.85  2.10
7.87  2.09
7.88  2.10
7.90  2.09
7.92  2.08
7.93  2.08
7.95  2.08
7.97  2.07
7.98  2.06
8.00  2.06
8.02  2.06
8.03  2.06
8.05  2.05
8.07  2.03
8.08  2.03
8.10  2.02
8.12  2.02
8.13  2.02
8.15  2.01
8.17  2.00
8.18  1.99
8.20  1.98
8.22  1.98
8.23  1.97
8.25  1.96
8.27  1.96
8.28  1.94
8.30  1.94
8.32  1.94
8.33  1.93
8.35  1.92
8.37  1.91
8.38  1.90
8.40  1.89
8.42  1.92
8.43  1.88
8.45  1.87
8.47  1.87
8.48  1.85
8.50  1.85
8.52  1.85
8.53  1.83
8.55  1.83
8.57  1.82
8.58  1.81
8.60  1.81
8.62  1.81
8.63  1.83
8.65  1.82
8.67  1.83
8.68  1.79
8.70  1.80
8.72  1.79
8.73  1.80
8.75  1.78
8.77  1.79
8.78  1.75
8.80  1.74
8.82  1.72
8.83  1.72
8.85  1.72
8.87  1.72
8.88  1.71
8.90  1.70
8.92  1.70
8.93  1.70
8.95  1.70
8.97  1.70
8.98  1.69
9.00  1.68
9.02  1.68
9.03  1.68
9.05  1.68
9.07  1.67
9.08  1.67
9.10  1.66
9.12  1.66
9.13  1.67
9.15  1.66
9.17  1.66
9.18  1.65
9.20  1.66
9.22  1.64
9.23  1.64
9.25  1.64
9.27  1.64
9.28  1.63
9.30  1.63
9.32  1.62
9.33  1.63
9.35  1.62
9.37  1.63
9.38  1.60
9.40  1.60
9.42  1.60
9.43  1.59
9.45  1.59
9.47  1.59
9.48  1.59
9.50  1.58
9.52  1.58
9.53  1.58
9.55  1.58
9.57  1.60
9.58  1.58
9.60  1.58
9.62  1.59
9.63  1.58
9.65  1.58
9.67  1.57
9.68  1.56
9.70  1.55
9.72  1.54
9.73  1.54
9.75  1.53
9.77  1.53
9.78  1.54
9.80  1.52
9.82  1.52
9.83  1.51
9.85  1.51
9.87  1.51
9.88  1.51
9.90  1.50
9.92  1.49
9.93  1.49
9.95  1.48
9.97  1.48
9.98  1.48
10.00  1.47
10.02  1.47
10.03  1.47
10.05  1.46
10.07  1.46
10.08  1.45
10.10  1.46
10.12  1.46
10.13  1.47
10.15  1.45
10.17  1.45
10.18  1.44
10.20  1.44
10.22  1.44
10.23  1.42
10.25  1.41
10.27  1.42
10.28  1.41
10.30  1.42
10.32  1.40
10.33  1.39
10.35  1.38
10.37  1.38
10.38  1.39
10.40  1.37
10.42  1.36
10.43  1.36
10.45  1.35
10.47  1.35
10.48  1.34
10.50  1.34
10.52  1.31
10.53  1.30
10.55  1.29
10.57  1.28
10.58  1.28
10.60  1.29
10.62  1.28
10.63  1.28
10.65  1.29
10.67  1.28
10.68  1.28
10.68  1.29
10.70  1.29
10.72  1.30
10.73  1.29
10.75  1.28
10.77  1.28
10.78  1.28
10.80  1.28
10.82  1.28
10.83  1.28
10.85  1.28
10.87  1.28
10.88  1.28
10.90  1.29
10.92  1.28
10.93  1.28
10.95  1.27
10.97  1.27
10.98  1.27
11.00  1.27
11.02  1.27
11.03  1.25
11.05  1.26
11.07  1.25
11.08  1.25
11.10  1.24
11.12  1.24
11.13  1.25
11.15  1.24
11.17  1.24
11.18  1.24
11.20  1.24
11.22  1.24
11.23  1.24
11.25  1.25
11.27  1.24
11.28  1.24
11.30  1.24
11.32  1.23
11.33  1.24
11.35  1.23
11.37  1.23
11.38  1.23
11.40  1.24
11.42  1.23
11.43  1.23
11.45  1.23
11.47  1.23
11.48  1.24
11.50  1.23
11.52  1.22
11.53  1.23
11.55  1.22
11.57  1.22
11.58  1.22
11.60  1.24
11.62  1.23
11.63  1.23
11.65  1.23
11.67  1.22
11.68  1.22
11.70  1.24
11.72  1.21
11.73  1.22
11.75  1.22
11.77  1.23
11.78  1.22
11.80  1.21
11.82  1.21
11.83  1.21
11.85  1.21
11.87  1.22
11.88  1.21
11.90  1.21
11.92  1.21
11.93  1.21
11.95  1.21
11.97  1.21
11.98  1.21
12.00  1.21
12.02  1.21
12.03  1.21
12.05  1.21
12.07  1.22
12.08  1.22
12.10  1.21
12.12  1.21
12.13  1.22
12.15  1.21
12.17  1.21
12.18  1.21
12.20  1.22
12.22  1.21
12.23  1.22
12.25  1.21
12.27  1.24
12.28  1.23
12.30  1.22
12.32  1.22
12.33  1.23
12.35  1.23
12.37  1.22
12.38  1.23
12.40  1.23
12.42  1.23
12.43  1.23
12.45  1.23
12.47  1.25
12.48  1.24
12.50  1.23
12.52  1.23
12.53  1.23
12.55  1.24
12.57  1.24
12.58  1.24
12.60  1.24
12.62  1.24
12.63  1.24
12.65  1.25
12.67  1.25
12.68  1.24
12.70  1.24
12.72  1.25
12.73  1.26
12.75  1.26
12.77  1.25
12.78  1.25
12.80  1.26
12.82  1.27
12.83  1.27
12.85  1.26
12.87  1.26
12.88  1.26
12.90  1.28
12.92  1.27
12.93  1.28
12.95  1.27
12.97  1.27
12.98  1.28
13.00  1.28
13.02  1.29
13.03  1.27
13.05  1.29
13.07  1.28
13.08  1.28
13.10  1.28
13.12  1.28
13.13  1.28
13.15  1.30
13.17  1.28
13.18  1.28
13.20  1.29
13.22  1.29
13.23  1.29
13.25  1.28
13.27  1.29
13.28  1.28
13.30  1.28
13.32  1.28
13.33  1.29
13.35  1.29
13.37  1.29
13.38  1.28
13.40  1.28
13.42  1.29
13.43  1.29
13.45  1.29
13.47  1.28
13.48  1.28
13.50  1.29
13.52  1.27
13.53  1.27
13.55  1.27
13.57  1.27
13.58  1.27
13.60  1.28
13.62  1.26
13.63  1.27
13.65  1.26
13.67  1.27
13.68  1.26
13.70  1.26
13.72  1.25
13.73  1.25
13.75  1.26
13.77  1.25
13.78  1.25
13.80  1.25
13.82  1.25
13.83  1.25
13.85  1.24
13.87  1.24
13.88  1.24
13.90  1.23
13.92  1.25
13.93  1.24
13.95  1.24
13.97  1.24
13.98  1.24
14.00  1.23
14.02  1.23
14.03  1.22
14.05  1.23
14.07  1.22
14.08  1.23
14.10  1.22
14.12  1.23
14.13  1.22
14.15  1.22
14.17  1.22
14.18  1.22
14.20  1.22
14.22  1.21
14.23  1.22
14.25  1.21
14.27  1.21
14.28  1.21
14.30  1.21
14.32  1.20
14.33  1.20
14.35  1.21
14.37  1.20
14.38  1.21
14.40  1.20
14.42  1.21
14.43  1.20
14.45  1.21
14.47  1.21
14.48  1.20
14.50  1.20
14.52  1.21
14.53  1.21
14.55  1.21
14.57  1.22
14.58  1.20
14.60  1.21
14.62  1.21
14.63  1.21
14.65  1.20
14.67  1.20
14.68  1.22
14.70  1.21
14.72  1.21
14.73  1.21
14.75  1.21
14.77  1.21
14.78  1.20
14.80  1.21
14.82  1.20
14.83  1.21
14.85  1.21
14.87  1.20
14.88  1.20
14.90  1.20
14.92  1.21
14.93  1.22
14.95  1.20
14.97  1.21
14.98  1.20
15.00  1.21
15.02  1.21
15.03  1.20
15.05  1.20
15.07  1.20
15.08  1.20
15.10  1.21
15.12  1.20
15.13  1.19
15.15  1.19
15.17  1.19
15.18  1.19
15.20  1.20
15.22  1.19
15.23  1.20
15.25  1.20
15.27  1.19
15.28  1.21
15.30  1.19
15.32  1.19
15.33  1.18
15.35  1.18
15.37  1.18
15.38  1.18
15.40  1.17
15.42  1.18
15.43  1.17
15.45  1.17
15.47  1.17
15.48  1.17
15.50  1.16
15.52  1.16
15.53  1.16
15.55  1.17
15.57  1.16
15.58  1.16
15.60  1.15
15.62  1.16
15.63  1.15
15.65  1.17
15.67  1.16
15.68  1.15
15.70  1.16
15.72  1.16
15.73  1.14
15.75  1.14
15.77  1.16
15.78  1.15
15.80  1.15
15.82  1.15
15.83  1.14
15.85  1.14
15.87  1.14
15.88  1.13
15.90  1.15
15.92  1.14
15.93  1.15
15.95  1.12
15.97  1.13
15.98  1.13
16.00  1.14
16.02  1.12
16.03  1.13
16.05  1.14
16.07  1.12
16.08  1.12
16.10  1.11
16.12  1.13
16.13  1.11
16.15  1.11
16.17  1.10
16.18  1.10
16.20  1.10
16.22  1.10
16.23  1.11
16.25  1.09
16.27  1.09
16.28  1.09
16.30  1.11
16.32  1.09
16.33  1.09
16.35  1.07
16.37  1.10
16.38  1.10
16.40  1.08
16.42  1.08
16.43  1.08
16.45  1.07
16.47  1.07
16.48  1.07
16.50  1.06
16.52  1.06
16.53  1.04
16.55  1.05
16.57  1.04
16.58  1.02
16.60  1.03
16.62  1.03
16.63  1.03
16.65  1.02
16.67  1.02
16.68  1.02
16.70  1.03
16.72  1.00
16.73  1.02
16.75  1.01
16.77  1.00
16.78  0.99
16.80  1.00
16.82  0.98
16.83  0.98
16.85  1.00
16.87  0.97
16.88  0.97
16.90  0.98
16.92  0.96
16.93  0.95
16.95  0.94
16.97  0.92
16.98  0.94
17.00  0.93
17.02  0.93
17.03  0.91
17.05  0.90
17.07  0.92
17.08  0.89
17.10  0.90
17.12  0.89
17.13  0.88
17.15  0.88
17.17  0.89
17.18  0.88
17.20  0.89
17.22  0.87
17.23  0.88
17.25  0.87
17.27  0.87
17.28  0.88
17.30  0.86
17.32  0.87
17.33  0.85
17.35  0.85
17.37  0.85
17.38  0.84
17.40  0.86
17.42  0.84
17.43  0.84
17.45  0.82
17.47  0.82
17.48  0.82
17.50  0.82
17.52  0.81
17.53  0.79
17.55  0.79
17.57  0.79
17.58  0.80
17.60  0.76
17.62  0.76
17.63  0.78
17.65  0.75
17.67  0.76
17.68  0.76
17.70  0.75
17.72  0.75
17.73  0.74
17.75  0.73
17.77  0.71
17.78  0.70
17.80  0.69
17.82  0.69
17.83  0.68
17.85  0.68
17.87  0.67
17.88  0.65
17.90  0.65
17.92  0.65
17.93  0.64
17.95  0.62
17.97  0.60
17.98  0.61
18.00  0.60
18.02  0.58
18.03  0.56
18.05  0.55
18.07  0.54
18.08  0.53
18.10  0.53
18.12  0.50
18.13  0.50
18.15  0.48
18.17  0.47
18.18  0.45
18.20  0.44
18.22  0.42
18.23  0.41
18.25  0.40
18.27  0.38
18.28  0.37
18.30  0.37
18.32  0.34
18.33  0.32
18.35  0.31
18.37  0.29
18.38  0.27
18.40  0.26
18.42  0.25
18.43  0.23
18.45  0.22
18.47  0.20
18.48  0.19
18.50  0.18
18.52  0.16
18.53  0.15
18.55  0.13
18.57  0.12
18.58  0.10
18.60  0.09
18.62  0.08
18.63  0.07
18.65  0.06
18.67  0.05
18.68  0.05
18.70  0.03
18.72  0.03
18.73  0.02
18.75  0.02
18.77  0.01
18.78  0.01
18.80  0.00
18.82  0.00
18.83  0.00
18.85  0.00
18.87  0.00
18.88  0.00
18.90  0.00
18.92  0.00
18.93  0.00
18.95  0.00
18.97  0.00
18.98  0.00
19.00  0.00
19.02  0.00
19.03  0.00
19.05  0.00
19.07  0.00
19.08  0.00
19.10  0.00
19.12  0.00
19.13  0.00
19.15  0.00
19.17  0.00
19.18  0.00
19.20  0.00
19.22  0.00
19.23  0.00
19.25  0.00
19.27  0.00
19.28  0.00
19.30  0.00
19.32  0.00
19.33  0.00
19.35  0.00
19.37  0.00
19.38  0.00
19.40  0.00
19.42  0.00
19.43  0.00
19.45  0.00
19.47  0.00
19.48  0.00
19.50  0.00
19.52  0.00
19.53  0.00
19.55  0.00
19.57  0.00
19.58  0.00
19.60  0.00
19.62  0.00
19.63  0.00
19.65  0.00
19.67  0.00
19.68  0.00
19.70  0.00
19.72  0.00
19.73  0.00
19.75  0.00
19.77  0.00
19.78  0.00
19.80  0.00
19.82  0.00
19.83  0.00
19.85  0.00
19.87  0.00
19.88  0.00
19.90  0.00
19.92  0.00
19.93  0.00
19.95  0.00
19.97  0.00
19.98  0.00
20.00  0.00
20.02  0.00
20.03  0.00
20.05  0.00
20.07  0.00
20.08  0.00
20.10  0.00
20.12  0.00
20.13  0.00
20.15  0.00
20.17  0.00
20.18  0.00
20.20  0.00
20.22  0.00
20.23  0.00
20.25  0.00
20.27  0.00
20.28  0.00
20.30  0.00
20.32  0.00
20.33  0.00
20.35  0.00
20.37  0.00
20.38  0.00
20.40  0.00
20.42  0.00
20.43  0.00
20.45  0.00
20.47  0.00
20.48  0.00
20.50  0.00
20.52  0.00
20.53  0.00
20.55  0.00
20.57  0.00
20.58  0.00
20.60  0.00
20.62  0.00
20.63  0.00
20.65  0.00
20.67  0.00
20.68  0.00
20.70  0.00
20.72  0.00
20.73  0.00
20.75  0.00
20.77  0.00
20.78  0.00
20.80  0.00
20.82  0.00
20.83  0.00
20.85  0.00
20.87  0.00
20.88  0.00
20.90  0.00
20.92  0.00
20.93  0.00
20.95  0.00
20.97  0.00
20.98  0.00
21.00  0.00
21.02  0.00
21.03  0.00
21.05  0.00
21.07  0.00
21.08  0.00
21.10  0.00
21.12  0.00
21.13  0.00
21.15  0.00
21.17  0.00
21.18  0.00
21.20  0.00
21.22  0.00
21.23  0.00
21.25  0.00
21.27  0.00
21.28  0.00
21.30  0.00
21.32  0.00
21.33  0.00
21.35  0.00
21.37  0.00
21.38  0.00
21.40  0.00
21.42  0.00
21.43  0.00
21.45  0.00
21.47  0.00
21.48  0.00
21.50  0.00
21.52  0.00
21.53  0.00
21.55  0.00
21.57  0.00
21.58  0.00
21.60  0.00
21.62  0.00
21.63  0.00
21.65  0.00
21.67  0.00
21.68  0.00
21.70  0.00
21.72  0.00
21.73  0.00
21.75  0.00
21.77  0.00
21.78  0.00
21.80  0.00
21.82  0.00
21.83  0.00
21.85  0.00
21.87  0.00
21.88  0.00
21.90  0.00
21.92  0.00
21.93  0.00
21.95  0.00
21.97  0.00
21.98  0.00
22.00  0.00
22.02  0.00
22.03  0.00
22.05  0.00
22.07  0.00
22.08  0.00
22.10  0.00
22.12  0.00
22.13  0.00
22.15  0.00
22.17  0.00
22.18  0.00
22.20  0.00
22.22  0.00
22.23  0.00
22.25  0.00
22.27  0.00
22.28  0.00
22.30  0.00
22.32  0.00
22.33  0.00
22.35  0.00
22.37  0.00
22.38  0.00
22.40  0.00
22.42  0.00
22.43  0.00
22.45  0.00
22.47  0.00
22.48  0.00
22.50  0.00
22.52  0.00
22.53  0.00
22.55  0.00
22.57  0.00
22.58  0.00
22.60  0.00
22.62  0.00
22.63  0.00
22.65  0.00
22.67  0.00
22.68  0.00
22.70  0.00
22.72  0.00
22.73  0.00
22.75  0.00
22.77  0.00
22.78  0.00
22.80  0.00
22.82  0.00
22.83  0.00
22.85  0.00
22.87  0.00
22.88  0.00
22.90  0.00
22.92  0.00
22.93  0.00
22.95  0.00
22.97  0.00
22.98  0.00
23.00  0.00
23.02  0.00
23.03  0.00
23.05  0.00
23.07  0.00
23.08  0.00
23.10  0.00
23.12  0.00
23.13  0.00
23.15  0.00
23.17  0.00
23.18  0.00
23.20  0.00
23.22  0.00
23.23  0.00
23.25  0.00
23.27  0.00
23.28  0.00
23.30  0.00
23.32  0.00
23.33  0.00
23.35  0.00
23.37  0.00
23.38  0.00
23.40  0.00
23.42  0.00
23.43  0.00
23.45  0.00
23.47  0.00
23.48  0.00
23.50  0.00
23.52  0.00
23.53  0.00
23.55  0.00
23.57  0.00
23.58  0.00
23.60  0.00
23.62  0.00
23.63  0.00
23.65  0.00
23.67  0.00
23.68  0.00
23.70  0.00
23.72  0.00
23.73  0.00
23.75  0.00
23.77  0.00
23.78  0.00
23.80  0.00
23.82  0.00
23.83  0.00
23.85  0.00
23.87  0.00
23.88  0.00
23.90  0.00
23.92  0.00
23.93  0.00
23.95  0.00
23.97  0.00
23.98  0.00

