genericdec
-3.60   40.15
17   6   2015
0.00  0.00
0.02  0.00
0.03  0.00
0.05  0.00
0.07  0.00
0.08  0.00
0.10  0.00
0.12  0.00
0.13  0.00
0.15  0.00
0.17  0.00
0.18  0.00
0.20  0.00
0.22  0.00
0.23  0.00
0.25  0.00
0.27  0.00
0.28  0.00
0.30  0.00
0.32  0.00
0.33  0.00
0.35  0.00
0.37  0.00
0.38  0.00
0.40  0.00
0.42  0.00
0.43  0.00
0.45  0.00
0.47  0.00
0.48  0.00
0.50  0.00
0.52  0.00
0.53  0.00
0.53  0.00
0.55  0.00
0.57  0.00
0.58  0.00
0.60  0.00
0.62  0.00
0.63  0.00
0.65  0.00
0.67  0.00
0.68  0.00
0.70  0.00
0.72  0.00
0.73  0.00
0.75  0.00
0.77  0.00
0.78  0.00
0.80  0.00
0.82  0.00
0.83  0.00
0.85  0.00
0.87  0.00
0.88  0.00
0.90  0.00
0.92  0.00
0.93  0.00
0.95  0.00
0.97  0.00
0.98  0.00
1.00  0.00
1.02  0.00
1.03  0.00
1.05  0.00
1.07  0.00
1.08  0.00
1.10  0.00
1.12  0.00
1.13  0.00
1.15  0.00
1.17  0.00
1.18  0.00
1.20  0.00
1.22  0.00
1.23  0.00
1.25  0.00
1.27  0.00
1.28  0.00
1.30  0.00
1.32  0.00
1.33  0.00
1.35  0.00
1.37  0.00
1.38  0.00
1.40  0.00
1.42  0.00
1.43  0.00
1.45  0.00
1.47  0.00
1.48  0.00
1.50  0.00
1.52  0.00
1.53  0.00
1.55  0.00
1.57  0.00
1.58  0.00
1.60  0.00
1.62  0.00
1.63  0.00
1.65  0.00
1.67  0.00
1.68  0.00
1.70  0.00
1.72  0.00
1.73  0.00
1.75  0.00
1.77  0.00
1.78  0.00
1.80  0.00
1.82  0.00
1.83  0.00
1.85  0.00
1.87  0.00
1.88  0.00
1.90  0.00
1.92  0.00
1.93  0.00
1.95  0.00
1.97  0.00
1.98  0.00
2.00  0.00
2.02  0.00
2.03  0.00
2.05  0.00
2.07  0.00
2.08  0.00
2.10  0.00
2.12  0.00
2.13  0.00
2.15  0.00
2.17  0.00
2.18  0.00
2.20  0.00
2.22  0.00
2.23  0.00
2.25  0.00
2.27  0.00
2.28  0.00
2.30  0.00
2.32  0.00
2.33  0.00
2.35  0.00
2.37  0.00
2.38  0.00
2.40  0.00
2.42  0.00
2.43  0.00
2.45  0.00
2.47  0.00
2.48  0.00
2.50  0.00
2.52  0.00
2.53  0.00
2.55  0.00
2.57  0.00
2.58  0.00
2.60  0.00
2.62  0.00
2.63  0.00
2.65  0.00
2.67  0.00
2.68  0.00
2.70  0.00
2.72  0.00
2.73  0.00
2.75  0.00
2.77  0.00
2.78  0.00
2.80  0.00
2.82  0.00
2.83  0.00
2.85  0.00
2.87  0.00
2.88  0.00
2.90  0.00
2.92  0.00
2.93  0.00
2.95  0.00
2.97  0.00
2.98  0.00
3.00  0.00
3.02  0.00
3.03  0.00
3.05  0.00
3.07  0.00
3.08  0.00
3.10  0.01
3.12  0.01
3.13  0.02
3.15  0.02
3.17  0.03
3.18  0.03
3.20  0.04
3.22  0.05
3.23  0.05
3.25  0.06
3.27  0.07
3.28  0.08
3.30  0.09
3.32  0.10
3.33  0.12
3.35  0.13
3.37  0.14
3.38  0.16
3.40  0.17
3.42  0.19
3.43  0.20
3.45  0.22
3.47  0.23
3.48  0.25
3.50  0.27
3.52  0.29
3.53  0.31
3.55  0.34
3.57  0.36
3.58  0.39
3.60  0.41
3.62  0.45
3.63  0.50
3.65  0.54
3.67  0.58
3.68  0.63
3.70  0.67
3.72  0.70
3.73  0.74
3.75  0.78
3.77  0.82
3.78  0.85
3.80  0.89
3.82  0.94
3.83  0.98
3.85  1.03
3.87  1.07
3.88  1.10
3.90  1.14
3.92  1.17
3.93  1.20
3.95  1.23
3.97  1.26
3.98  1.28
4.00  1.31
4.02  1.34
4.03  1.37
4.05  1.40
4.07  1.43
4.08  1.47
4.10  1.48
4.12  1.50
4.13  1.53
4.15  1.55
4.17  1.57
4.18  1.59
4.20  1.62
4.22  1.65
4.23  1.66
4.25  1.67
4.27  1.69
4.28  1.71
4.30  1.73
4.32  1.75
4.33  1.76
4.35  1.80
4.37  1.80
4.38  1.82
4.40  1.83
4.42  1.84
4.43  1.86
4.45  1.86
4.47  1.88
4.48  1.90
4.50  1.90
4.52  1.91
4.53  1.93
4.55  1.93
4.57  1.97
4.58  1.96
4.60  1.97
4.62  1.98
4.63  1.99
4.65  2.00
4.67  2.01
4.68  2.01
4.70  2.01
4.72  2.04
4.73  2.05
4.75  2.07
4.77  2.08
4.78  2.08
4.80  2.08
4.82  2.10
4.83  2.10
4.85  2.11
4.87  2.12
4.88  2.12
4.90  2.13
4.92  2.14
4.93  2.15
4.95  2.15
4.97  2.17
4.98  2.16
5.00  2.17
5.02  2.18
5.03  2.20
5.05  2.20
5.07  2.20
5.08  2.21
5.10  2.22
5.12  2.24
5.13  2.23
5.15  2.23
5.17  2.25
5.18  2.25
5.20  2.29
5.22  2.27
5.23  2.27
5.25  2.28
5.27  2.30
5.28  2.29
5.30  2.29
5.32  2.33
5.33  2.31
5.35  2.32
5.37  2.32
5.38  2.33
5.40  2.34
5.42  2.35
5.43  2.35
5.45  2.35
5.47  2.36
5.48  2.45
5.50  2.36
5.52  2.37
5.53  2.43
5.55  2.44
5.57  2.37
5.58  2.45
5.60  2.39
5.62  2.39
5.63  2.40
5.65  2.40
5.67  2.40
5.68  2.39
5.70  2.41
5.72  2.42
5.73  2.42
5.75  2.41
5.77  2.42
5.78  2.45
5.80  2.48
5.82  2.42
5.83  2.42
5.85  2.43
5.87  2.43
5.88  2.44
5.90  2.44
5.92  2.47
5.93  2.46
5.95  2.45
5.97  2.45
5.98  2.46
6.00  2.47
6.02  2.45
6.03  2.46
6.05  2.46
6.07  2.46
6.08  2.47
6.10  2.47
6.12  2.47
6.13  2.47
6.15  2.49
6.17  2.48
6.18  2.48
6.20  2.48
6.22  2.49
6.23  2.49
6.25  2.50
6.27  2.50
6.28  2.51
6.30  2.52
6.32  2.51
6.33  2.51
6.35  2.51
6.37  2.53
6.38  2.52
6.40  2.51
6.42  2.52
6.43  2.52
6.45  2.53
6.47  2.55
6.48  2.55
6.50  2.56
6.52  2.53
6.53  2.56
6.55  2.53
6.57  2.55
6.58  2.57
6.60  2.54
6.62  2.55
6.63  2.62
6.65  2.56
6.67  2.69
6.68  2.86
6.70  2.98
6.72  2.60
6.73  2.64
6.75  3.15
6.77  2.60
6.78  3.22
6.80  3.15
6.82  2.73
6.83  3.65
6.85  2.74
6.87  2.76
6.88  3.21
6.90  3.03
6.92  3.60
6.93  4.03
6.95  3.62
6.97  3.69
6.98  4.14
7.00  4.00
7.02  4.14
7.03  4.14
7.05  4.14
7.07  4.09
7.08  4.14
7.10  4.14
7.12  4.14
7.13  4.14
7.15  4.13
7.17  4.10
7.18  3.64
7.20  3.20
7.22  2.69
7.23  2.65
7.25  2.65
7.27  2.64
7.28  2.62
7.30  2.61
7.32  2.58
7.33  2.58
7.35  2.59
7.37  2.51
7.38  2.48
7.40  2.47
7.42  2.45
7.43  2.43
7.45  2.44
7.47  2.40
7.48  2.40
7.50  2.39
7.52  2.38
7.53  2.38
7.55  2.35
7.57  2.33
7.58  2.33
7.60  2.31
7.62  2.29
7.63  2.28
7.65  2.27
7.67  2.26
7.68  2.26
7.70  2.24
7.72  2.23
7.73  2.22
7.75  2.22
7.77  2.22
7.78  2.20
7.80  2.21
7.82  2.21
7.83  2.20
7.85  2.20
7.87  2.19
7.88  2.19
7.90  2.19
7.92  2.17
7.93  2.16
7.95  2.18
7.97  2.18
7.98  2.14
8.00  2.14
8.02  2.15
8.03  2.12
8.05  2.15
8.07  2.11
8.08  2.11
8.10  2.11
8.12  2.07
8.13  2.09
8.15  2.06
8.17  2.06
8.18  2.06
8.20  2.07
8.22  2.06
8.23  2.06
8.25  2.07
8.27  2.04
8.28  2.03
8.30  2.01
8.32  2.00
8.33  2.00
8.35  2.02
8.37  1.98
8.38  1.98
8.40  1.98
8.42  1.98
8.43  1.98
8.45  1.98
8.47  1.95
8.48  1.94
8.50  1.92
8.52  1.92
8.53  1.90
8.55  1.91
8.57  1.92
8.58  1.89
8.60  1.88
8.62  1.88
8.63  1.87
8.65  1.88
8.67  1.86
8.68  1.87
8.70  1.88
8.72  1.87
8.73  1.87
8.75  1.84
8.77  1.86
8.78  1.83
8.80  1.85
8.82  1.82
8.83  1.83
8.85  1.83
8.87  1.79
8.88  1.79
8.90  1.78
8.92  1.78
8.93  1.77
8.95  1.81
8.97  1.76
8.98  1.75
9.00  1.78
9.02  1.76
9.03  1.75
9.05  1.74
9.07  1.75
9.08  1.74
9.10  1.73
9.12  1.73
9.13  1.73
9.15  1.72
9.17  1.72
9.18  1.72
9.20  1.71
9.22  1.71
9.23  1.71
9.25  1.72
9.27  1.72
9.28  1.70
9.30  1.70
9.32  1.70
9.33  1.70
9.35  1.71
9.37  1.71
9.38  1.72
9.40  1.70
9.42  1.70
9.43  1.70
9.45  1.69
9.47  1.69
9.48  1.70
9.50  1.70
9.52  1.69
9.53  1.68
9.55  1.68
9.57  1.68
9.58  1.66
9.60  1.66
9.62  1.65
9.63  1.64
9.65  1.65
9.67  1.64
9.68  1.63
9.70  1.63
9.72  1.63
9.73  1.62
9.75  1.62
9.77  1.62
9.78  1.62
9.80  1.62
9.82  1.64
9.83  1.61
9.85  1.63
9.87  1.61
9.88  1.61
9.90  1.61
9.92  1.61
9.93  1.59
9.95  1.59
9.97  1.59
9.98  1.58
10.00  1.59
10.02  1.58
10.03  1.57
10.05  1.57
10.07  1.58
10.08  1.56
10.10  1.56
10.12  1.56
10.13  1.56
10.15  1.57
10.17  1.58
10.18  1.57
10.20  1.58
10.22  1.57
10.23  1.59
10.25  1.61
10.27  1.60
10.28  1.59
10.30  1.57
10.32  1.54
10.33  1.52
10.35  1.51
10.37  1.50
10.38  1.50
10.40  1.49
10.42  1.49
10.43  1.49
10.45  1.48
10.47  1.48
10.48  1.48
10.50  1.48
10.52  1.47
10.53  1.47
10.55  1.47
10.57  1.46
10.58  1.45
10.60  1.45
10.62  1.45
10.63  1.46
10.65  1.48
10.67  1.53
10.68  1.54
10.70  1.53
10.72  1.51
10.73  1.51
10.75  1.51
10.77  1.52
10.78  1.52
10.80  1.48
10.82  1.47
10.83  1.46
10.85  1.44
10.87  1.43
10.88  1.41
10.90  1.40
10.92  1.40
10.93  1.39
10.95  1.39
10.97  1.38
10.98  1.37
11.00  1.37
11.02  1.37
11.03  1.36
11.05  1.36
11.07  1.36
11.08  1.35
11.10  1.35
11.12  1.35
11.13  1.35
11.15  1.35
11.17  1.35
11.18  1.35
11.20  1.36
11.22  1.38
11.23  1.39
11.25  1.39
11.27  1.40
11.28  1.39
11.30  1.39
11.32  1.36
11.33  1.37
11.35  1.36
11.37  1.37
11.38  1.37
11.40  1.35
11.42  1.34
11.43  1.36
11.45  1.35
11.47  1.35
11.48  1.36
11.50  1.36
11.52  1.36
11.53  1.36
11.55  1.38
11.57  1.39
11.58  1.38
11.60  1.39
11.62  1.41
11.63  1.43
11.65  1.47
11.67  1.50
11.68  1.52
11.70  1.52
11.72  1.52
11.73  1.51
11.75  1.49
11.77  1.49
11.78  1.50
11.80  1.51
11.82  1.52
11.83  1.53
11.85  1.53
11.87  1.52
11.88  1.51
11.90  1.48
11.92  1.45
11.93  1.44
11.95  1.44
11.97  1.45
11.98  1.44
12.00  1.35
12.02  1.43
12.03  1.50
12.05  1.67
12.07  1.71
12.08  1.71
12.10  1.68
12.12  1.69
12.13  1.72
12.15  1.74
12.17  1.74
12.18  1.71
12.20  1.69
12.22  1.68
12.23  1.68
12.25  1.69
12.27  1.72
12.28  1.74
12.30  1.74
12.32  1.73
12.33  1.74
12.35  1.75
12.37  1.75
12.38  1.74
12.40  1.75
12.42  1.75
12.43  1.74
12.45  1.75
12.47  1.75
12.48  1.76
12.50  1.73
12.52  1.77
12.53  1.79
12.55  1.83
12.57  1.83
12.58  1.83
12.60  1.82
12.62  1.77
12.63  1.75
12.65  1.73
12.67  1.71
12.68  1.70
12.70  1.68
12.72  1.65
12.73  1.66
12.75  1.66
12.77  1.68
12.78  1.68
12.80  1.73
12.82  1.82
12.83  1.84
12.85  1.89
12.87  1.94
12.88  1.91
12.90  1.96
12.92  1.94
12.93  1.93
12.95  1.81
12.97  1.75
12.98  1.85
13.00  1.83
13.02  1.81
13.03  1.76
13.05  1.74
13.07  1.73
13.08  1.69
13.10  1.65
13.12  1.61
13.13  1.58
13.15  1.56
13.17  1.55
13.18  1.57
13.20  1.59
13.22  1.59
13.23  1.60
13.25  1.60
13.27  1.62
13.28  1.65
13.30  1.67
13.32  1.68
13.33  1.67
13.35  1.68
13.37  1.69
13.38  1.70
13.40  1.71
13.42  1.73
13.43  1.73
13.45  1.71
13.47  1.70
13.48  1.67
13.50  1.58
13.52  1.53
13.53  1.55
13.55  1.51
13.57  1.32
13.58  1.25
13.60  1.18
13.62  1.16
13.63  1.16
13.65  1.16
13.67  1.17
13.68  1.17
13.70  1.18
13.72  1.19
13.73  1.33
13.75  1.42
13.77  1.43
13.78  1.42
13.80  1.41
13.82  1.41
13.83  1.41
13.85  1.40
13.87  1.39
13.88  1.38
13.90  1.40
13.92  1.40
13.93  1.40
13.95  1.39
13.97  1.38
13.98  1.39
14.00  1.39
14.02  1.39
14.03  1.40
14.05  1.41
14.07  1.43
14.08  1.46
14.10  1.48
14.12  1.48
14.13  1.48
14.15  1.40
14.17  1.37
14.18  1.35
14.20  1.28
14.22  1.40
14.23  1.37
14.25  1.40
14.27  1.38
14.28  1.33
14.30  1.45
14.32  1.50
14.33  1.49
14.35  1.48
14.37  1.44
14.38  1.36
14.40  1.41
14.42  1.42
14.43  1.39
14.45  1.38
14.47  1.34
14.48  1.24
14.50  1.18
14.52  1.17
14.53  1.18
14.55  1.24
14.57  1.34
14.58  1.28
14.60  1.25
14.62  1.35
14.63  1.38
14.63  1.39
14.65  1.39
14.67  1.39
14.68  1.38
14.70  1.37
14.72  1.36
14.73  1.36
14.75  1.36
14.77  1.36
14.78  1.39
14.80  1.41
14.82  1.44
14.83  1.45
14.85  1.44
14.87  1.44
14.88  1.43
14.90  1.43
14.92  1.43
14.93  1.43
14.95  1.42
14.97  1.40
14.98  1.38
15.00  1.37
15.02  1.35
15.03  1.32
15.05  1.32
15.07  1.33
15.08  1.34
15.10  1.35
15.12  1.36
15.13  1.36
15.15  1.37
15.17  1.38
15.18  1.37
15.20  1.35
15.22  1.33
15.23  1.33
15.25  1.32
15.27  1.29
15.28  1.28
15.30  1.27
15.32  1.26
15.33  1.26
15.35  1.25
15.37  1.25
15.38  1.25
15.40  1.24
15.42  1.24
15.43  1.23
15.45  1.23
15.47  1.21
15.48  1.21
15.50  1.21
15.52  1.22
15.53  1.21
15.55  1.22
15.57  1.21
15.58  1.23
15.60  1.20
15.62  1.21
15.63  1.20
15.65  1.21
15.67  1.21
15.68  1.19
15.70  1.19
15.72  1.19
15.73  1.19
15.75  1.18
15.77  1.18
15.78  1.17
15.80  1.17
15.82  1.19
15.83  1.18
15.85  1.17
15.87  1.16
15.88  1.16
15.90  1.17
15.92  1.18
15.93  1.16
15.95  1.15
15.97  1.15
15.98  1.15
16.00  1.14
16.02  1.15
16.03  1.14
16.05  1.13
16.07  1.12
16.08  1.12
16.10  1.12
16.12  1.12
16.13  1.11
16.15  1.11
16.17  1.11
16.18  1.10
16.20  1.11
16.22  1.11
16.23  1.10
16.25  1.11
16.27  1.09
16.28  1.09
16.30  1.09
16.32  1.08
16.33  1.08
16.35  1.08
16.37  1.08
16.38  1.07
16.40  1.07
16.42  1.07
16.43  1.06
16.45  1.06
16.47  1.06
16.48  1.05
16.50  1.05
16.52  1.04
16.53  1.04
16.55  1.04
16.57  1.04
16.58  1.04
16.60  1.03
16.62  1.02
16.63  1.01
16.65  1.01
16.67  1.01
16.68  1.03
16.70  1.00
16.72  1.01
16.73  1.00
16.75  1.00
16.77  0.99
16.78  0.99
16.80  0.99
16.82  0.98
16.83  0.97
16.85  0.97
16.87  0.97
16.88  0.96
16.90  0.95
16.92  0.94
16.93  0.93
16.95  0.93
16.97  0.92
16.98  0.91
17.00  0.92
17.02  0.91
17.03  0.90
17.05  0.90
17.07  0.90
17.08  0.91
17.10  0.90
17.12  0.90
17.13  0.89
17.15  0.88
17.17  0.88
17.18  0.88
17.20  0.87
17.22  0.86
17.23  0.86
17.25  0.87
17.27  0.87
17.28  0.86
17.30  0.86
17.32  0.85
17.33  0.84
17.35  0.84
17.37  0.83
17.38  0.83
17.40  0.82
17.42  0.82
17.43  0.81
17.45  0.81
17.47  0.81
17.48  0.80
17.50  0.79
17.52  0.79
17.53  0.78
17.55  0.78
17.57  0.77
17.58  0.77
17.60  0.76
17.62  0.76
17.63  0.75
17.65  0.75
17.67  0.74
17.68  0.73
17.70  0.73
17.72  0.72
17.73  0.71
17.75  0.71
17.77  0.70
17.78  0.69
17.80  0.69
17.82  0.68
17.83  0.67
17.85  0.66
17.87  0.65
17.88  0.65
17.90  0.64
17.92  0.63
17.93  0.62
17.95  0.61
17.97  0.60
17.98  0.59
18.00  0.58
18.02  0.57
18.03  0.56
18.05  0.55
18.07  0.54
18.08  0.52
18.10  0.51
18.12  0.50
18.13  0.49
18.15  0.47
18.17  0.46
18.18  0.45
18.20  0.43
18.22  0.42
18.23  0.41
18.25  0.39
18.27  0.38
18.28  0.36
18.30  0.35
18.32  0.33
18.33  0.32
18.35  0.30
18.37  0.29
18.38  0.27
18.40  0.25
18.42  0.24
18.43  0.22
18.45  0.21
18.47  0.20
18.48  0.18
18.50  0.17
18.52  0.15
18.53  0.14
18.55  0.13
18.57  0.11
18.58  0.10
18.60  0.09
18.62  0.08
18.63  0.07
18.65  0.06
18.67  0.05
18.68  0.04
18.70  0.04
18.72  0.03
18.73  0.02
18.75  0.02
18.77  0.01
18.78  0.01
18.80  0.00
18.82  0.00
18.83  0.00
18.85  0.00
18.87  0.00
18.88  0.00
18.90  0.00
18.92  0.00
18.93  0.00
18.95  0.00
18.97  0.00
18.98  0.00
19.00  0.00
19.02  0.00
19.03  0.00
19.05  0.00
19.07  0.00
19.08  0.00
19.10  0.00
19.12  0.00
19.13  0.00
19.15  0.00
19.17  0.00
19.18  0.00
19.20  0.00
19.22  0.00
19.23  0.00
19.25  0.00
19.27  0.00
19.28  0.00
19.30  0.00
19.32  0.00
19.33  0.00
19.35  0.00
19.37  0.00
19.38  0.00
19.40  0.00
19.42  0.00
19.43  0.00
19.45  0.00
19.47  0.00
19.48  0.00
19.50  0.00
19.52  0.00
19.53  0.00
19.55  0.00
19.57  0.00
19.58  0.00
19.60  0.00
19.62  0.00
19.63  0.00
19.65  0.00
19.67  0.00
19.68  0.00
19.70  0.00
19.72  0.00
19.73  0.00
19.75  0.00
19.77  0.00
19.78  0.00
19.80  0.00
19.82  0.00
19.83  0.00
19.85  0.00
19.87  0.00
19.88  0.00
19.90  0.00
19.92  0.00
19.93  0.00
19.95  0.00
19.97  0.00
19.98  0.00
20.00  0.00
20.02  0.00
20.03  0.00
20.05  0.00
20.07  0.00
20.08  0.00
20.10  0.00
20.12  0.00
20.13  0.00
20.15  0.00
20.17  0.00
20.18  0.00
20.20  0.00
20.22  0.00
20.23  0.00
20.25  0.00
20.27  0.00
20.28  0.00
20.30  0.00
20.32  0.00
20.33  0.00
20.35  0.00
20.37  0.00
20.38  0.00
20.40  0.00
20.42  0.00
20.43  0.00
20.45  0.00
20.47  0.00
20.48  0.00
20.50  0.00
20.52  0.00
20.53  0.00
20.55  0.00
20.57  0.00
20.58  0.00
20.60  0.00
20.62  0.00
20.63  0.00
20.65  0.00
20.67  0.00
20.68  0.00
20.70  0.00
20.72  0.00
20.73  0.00
20.75  0.00
20.77  0.00
20.78  0.00
20.80  0.00
20.82  0.00
20.83  0.00
20.85  0.00
20.87  0.00
20.88  0.00
20.90  0.00
20.92  0.00
20.93  0.00
20.95  0.00
20.97  0.00
20.98  0.00
21.00  0.00
21.02  0.00
21.03  0.00
21.05  0.00
21.07  0.00
21.08  0.00
21.10  0.00
21.12  0.00
21.13  0.00
21.15  0.00
21.17  0.00
21.18  0.00
21.20  0.00
21.22  0.00
21.23  0.00
21.25  0.00
21.27  0.00
21.28  0.00
21.30  0.00
21.32  0.00
21.33  0.00
21.35  0.00
21.37  0.00
21.38  0.00
21.40  0.00
21.42  0.00
21.43  0.00
21.45  0.00
21.47  0.00
21.48  0.00
21.50  0.00
21.52  0.00
21.53  0.00
21.55  0.00
21.57  0.00
21.58  0.00
21.60  0.00
21.62  0.00
21.63  0.00
21.65  0.00
21.67  0.00
21.68  0.00
21.70  0.00
21.72  0.00
21.73  0.00
21.75  0.00
21.77  0.00
21.78  0.00
21.80  0.00
21.82  0.00
21.83  0.00
21.85  0.00
21.87  0.00
21.88  0.00
21.90  0.00
21.92  0.00
21.93  0.00
21.95  0.00
21.97  0.00
21.98  0.00
22.00  0.00
22.02  0.00
22.03  0.00
22.05  0.00
22.07  0.00
22.08  0.00
22.10  0.00
22.12  0.00
22.13  0.00
22.15  0.00
22.17  0.00
22.18  0.00
22.20  0.00
22.22  0.00
22.23  0.00
22.25  0.00
22.27  0.00
22.28  0.00
22.30  0.00
22.32  0.00
22.33  0.00
22.35  0.00
22.37  0.00
22.38  0.00
22.40  0.00
22.42  0.00
22.43  0.00
22.45  0.00
22.47  0.00
22.48  0.00
22.50  0.00
22.52  0.00
22.53  0.00
22.55  0.00
22.57  0.00
22.58  0.00
22.60  0.00
22.62  0.00
22.63  0.00
22.65  0.00
22.67  0.00
22.68  0.00
22.70  0.00
22.72  0.00
22.73  0.00
22.75  0.00
22.77  0.00
22.78  0.00
22.80  0.00
22.82  0.00
22.83  0.00
22.85  0.00
22.87  0.00
22.88  0.00
22.90  0.00
22.92  0.00
22.93  0.00
22.95  0.00
22.97  0.00
22.98  0.00
23.00  0.00
23.02  0.00
23.03  0.00
23.05  0.00
23.07  0.00
23.08  0.00
23.10  0.00
23.12  0.00
23.13  0.00
23.15  0.00
23.17  0.00
23.18  0.00
23.20  0.00
23.22  0.00
23.23  0.00
23.25  0.00
23.27  0.00
23.28  0.00
23.30  0.00
23.32  0.00
23.33  0.00
23.35  0.00
23.37  0.00
23.38  0.00
23.40  0.00
23.42  0.00
23.43  0.00
23.45  0.00
23.47  0.00
23.48  0.00
23.50  0.00
23.52  0.00
23.53  0.00
23.55  0.00
23.57  0.00
23.58  0.00
23.60  0.00
23.62  0.00
23.63  0.00
23.65  0.00
23.67  0.00
23.68  0.00
23.70  0.00
23.72  0.00
23.73  0.00
23.75  0.00
23.77  0.00
23.78  0.00
23.80  0.00
23.82  0.00
23.83  0.00
23.85  0.00
23.87  0.00
23.88  0.00
23.90  0.00
23.92  0.00
23.93  0.00
23.95  0.00
23.97  0.00
23.98  0.00

