genericdec
-3.60   40.15
17  9  2015
0.02  0.00
0.03  0.00
0.07  0.00
0.08  0.00
0.10  0.00
0.12  0.00
0.13  0.00
0.15  0.00
0.17  0.00
0.18  0.00
0.20  0.00
0.22  0.00
0.23  0.00
0.25  0.00
0.27  0.00
0.28  0.00
0.30  0.00
0.32  0.00
0.33  0.00
0.35  0.00
0.37  0.00
0.38  0.00
0.40  0.00
0.42  0.00
0.43  0.00
0.45  0.00
0.47  0.00
0.48  0.00
0.50  0.00
0.52  0.00
0.53  0.00
0.55  0.00
0.57  0.00
0.60  0.00
0.62  0.00
0.63  0.00
0.65  0.00
0.67  0.00
0.68  0.00
0.70  0.00
0.72  0.00
0.73  0.00
0.75  0.00
0.77  0.00
0.78  0.00
0.80  0.00
0.82  0.00
0.83  0.00
0.85  0.00
0.87  0.00
0.88  0.00
0.90  0.00
0.92  0.00
0.93  0.00
0.95  0.00
0.97  0.00
0.98  0.00
1.00  0.00
1.02  0.00
1.03  0.00
1.05  0.00
1.07  0.00
1.08  0.00
1.10  0.00
1.12  0.00
1.15  0.00
1.17  0.00
1.18  0.00
1.20  0.00
1.22  0.00
1.23  0.00
1.25  0.00
1.27  0.00
1.28  0.00
1.30  0.00
1.32  0.00
1.33  0.00
1.35  0.00
1.37  0.00
1.38  0.00
1.40  0.00
1.42  0.00
1.43  0.00
1.45  0.00
1.47  0.00
1.48  0.00
1.50  0.00
1.52  0.00
1.53  0.00
1.55  0.00
1.57  0.00
1.58  0.00
1.60  0.00
1.62  0.00
1.63  0.00
1.65  0.00
1.68  0.00
1.70  0.00
1.72  0.00
1.73  0.00
1.75  0.00
1.77  0.00
1.78  0.00
1.80  0.00
1.82  0.00
1.83  0.00
1.85  0.00
1.87  0.00
1.88  0.00
1.90  0.00
1.92  0.00
1.93  0.00
1.95  0.00
1.97  0.00
1.98  0.00
2.00  0.00
2.02  0.00
2.03  0.00
2.05  0.00
2.07  0.00
2.08  0.00
2.10  0.00
2.12  0.00
2.13  0.00
2.15  0.00
2.17  0.00
2.18  0.00
2.22  0.00
2.23  0.00
2.25  0.00
2.27  0.00
2.28  0.00
2.30  0.00
2.32  0.00
2.33  0.00
2.35  0.00
2.37  0.00
2.38  0.00
2.40  0.00
2.42  0.00
2.43  0.00
2.45  0.00
2.47  0.00
2.48  0.00
2.50  0.00
2.52  0.00
2.53  0.00
2.55  0.00
2.57  0.00
2.58  0.00
2.60  0.00
2.62  0.00
2.63  0.00
2.65  0.00
2.67  0.00
2.68  0.00
2.70  0.00
2.72  0.00
2.75  0.00
2.77  0.00
2.78  0.00
2.80  0.00
2.82  0.00
2.83  0.00
2.85  0.00
2.87  0.00
2.88  0.00
2.90  0.00
2.92  0.00
2.93  0.00
2.95  0.00
2.97  0.00
2.98  0.00
3.00  0.00
3.02  0.00
3.03  0.00
3.05  0.00
3.07  0.00
3.08  0.00
3.10  0.00
3.12  0.00
3.13  0.00
3.15  0.00
3.17  0.00
3.18  0.00
3.20  0.00
3.22  0.00
3.23  0.00
3.25  0.00
3.27  0.00
3.30  0.00
3.32  0.00
3.33  0.00
3.35  0.00
3.37  0.00
3.38  0.00
3.40  0.00
3.42  0.00
3.43  0.00
3.45  0.00
3.47  0.00
3.48  0.00
3.50  0.00
3.52  0.00
3.53  0.00
3.55  0.00
3.57  0.00
3.58  0.00
3.60  0.00
3.62  0.00
3.63  0.00
3.65  0.00
3.67  0.00
3.68  0.00
3.70  0.00
3.72  0.00
3.73  0.00
3.75  0.00
3.77  0.00
3.78  0.00
3.80  0.00
3.83  0.00
3.85  0.00
3.87  0.00
3.88  0.00
3.90  0.00
3.92  0.00
3.93  0.00
3.95  0.00
3.97  0.00
3.98  0.00
4.00  0.00
4.02  0.00
4.03  0.00
4.05  0.00
4.07  0.00
4.08  0.00
4.10  0.00
4.12  0.00
4.13  0.00
4.15  0.00
4.17  0.00
4.18  0.00
4.20  0.00
4.22  0.00
4.23  0.00
4.25  0.00
4.27  0.00
4.28  0.00
4.30  0.00
4.32  0.00
4.33  0.00
4.37  0.00
4.38  0.00
4.40  0.00
4.42  0.00
4.43  0.00
4.45  0.00
4.47  0.00
4.48  0.00
4.50  0.00
4.52  0.00
4.53  0.00
4.55  0.00
4.57  0.00
4.58  0.00
4.60  0.00
4.62  0.00
4.63  0.00
4.65  0.00
4.67  0.00
4.68  0.00
4.70  0.00
4.72  0.00
4.73  0.00
4.75  0.00
4.77  0.00
4.78  0.00
4.80  0.00
4.82  0.00
4.83  0.00
4.85  0.00
4.87  0.00
4.90  0.00
4.92  0.00
4.93  0.00
4.95  0.00
4.97  0.00
4.98  0.00
5.00  0.00
5.02  0.00
5.03  0.00
5.05  0.00
5.07  0.00
5.08  0.00
5.10  0.00
5.12  0.00
5.13  0.00
5.15  0.00
5.17  0.00
5.18  0.00
5.20  0.00
5.22  0.00
5.23  0.00
5.25  0.00
5.27  0.00
5.28  0.00
5.30  0.00
5.32  0.00
5.33  0.00
5.35  0.00
5.37  0.00
5.38  0.00
5.40  0.00
5.42  0.00
5.45  0.00
5.47  0.01
5.48  0.01
5.50  0.02
5.52  0.02
5.53  0.03
5.55  0.04
5.57  0.05
5.58  0.07
5.60  0.08
5.62  0.10
5.63  0.13
5.65  0.16
5.67  0.19
5.68  0.23
5.70  0.26
5.72  0.30
5.73  0.34
5.75  0.38
5.77  0.42
5.78  0.46
5.80  0.50
5.82  0.55
5.83  0.60
5.85  0.63
5.87  0.69
5.88  0.74
5.90  0.78
5.92  0.83
5.93  0.88
5.95  0.92
5.98  0.98
6.00  1.04
6.02  1.10
6.03  1.15
6.05  1.19
6.07  1.24
6.08  1.29
6.10  1.34
6.12  1.39
6.13  1.44
6.15  1.48
6.17  1.53
6.18  1.58
6.20  1.63
6.22  1.67
6.23  1.73
6.25  1.78
6.27  1.83
6.28  1.87
6.30  1.89
6.32  1.86
6.33  1.75
6.35  1.74
6.37  1.75
6.38  1.74
6.40  1.75
6.42  1.76
6.43  1.80
6.45  1.80
6.47  1.83
6.48  1.92
6.52  2.16
6.53  2.25
6.55  2.34
6.57  2.44
6.58  2.48
6.60  2.50
6.62  3.92
6.63  3.93
6.65  3.93
6.67  3.93
6.68  3.93
6.70  3.93
6.72  3.94
6.73  3.94
6.75  3.94
6.77  3.95
6.78  3.76
6.80  3.55
6.82  3.98
6.83  3.96
6.85  3.79
6.87  3.96
6.88  3.99
6.90  3.99
6.92  4.00
6.93  4.00
6.95  4.01
6.97  4.01
6.98  4.01
7.00  4.02
7.02  3.99
7.03  4.03
7.07  3.90
7.08  3.82
7.10  4.05
7.12  4.06
7.13  4.06
7.15  4.06
7.17  4.06
7.18  4.06
7.20  4.07
7.22  4.07
7.23  4.08
7.25  4.08
7.27  4.09
7.28  4.09
7.30  3.92
7.32  4.10
7.33  3.56
7.35  3.30
7.37  3.16
7.38  3.08
7.40  3.06
7.42  3.07
7.43  3.10
7.45  3.16
7.47  3.20
7.48  3.21
7.50  3.24
7.52  3.93
7.53  4.13
7.55  4.03
7.57  4.14
7.60  4.13
7.62  3.73
7.63  3.55
7.65  3.31
7.67  3.26
7.68  3.26
7.70  3.33
7.72  3.67
7.73  4.14
7.75  4.14
7.77  4.14
7.78  4.14
7.80  4.14
7.82  4.14
7.83  4.15
7.85  4.15
7.87  4.15
7.88  4.15
7.90  4.15
7.92  4.15
7.93  4.15
7.95  4.15
7.97  4.15
7.98  4.15
8.00  4.15
8.02  4.16
8.03  4.16
8.05  4.16
8.07  4.16
8.08  4.16
8.10  4.16
8.13  4.16
8.15  4.16
8.17  4.16
8.18  4.16
8.20  4.16
8.22  4.17
8.23  4.17
8.25  4.17
8.27  4.17
8.28  4.17
8.30  4.17
8.32  4.17
8.33  4.17
8.35  4.17
8.37  4.17
8.38  4.17
8.40  4.17
8.42  4.17
8.43  4.17
8.45  4.17
8.47  4.17
8.48  4.18
8.50  4.18
8.52  4.18
8.53  4.18
8.55  4.18
8.57  4.18
8.58  4.18
8.60  4.18
8.62  4.18
8.63  4.18
8.67  4.18
8.68  4.18
8.70  4.18
8.72  4.18
8.73  4.18
8.75  4.18
8.77  4.18
8.78  4.18
8.80  4.19
8.82  4.19
8.83  4.18
8.85  4.19
8.87  4.19
8.88  4.19
8.90  4.19
8.92  4.19
8.93  4.19
8.95  4.19
8.97  4.19
8.98  4.19
9.00  4.19
9.02  4.19
9.03  4.19
9.05  4.19
9.07  4.19
9.08  4.19
9.10  4.19
9.12  4.19
9.13  4.19
9.15  4.20
9.17  4.20
9.20  4.19
9.22  4.19
9.23  4.19
9.25  4.19
9.27  4.19
9.28  4.20
9.30  4.20
9.32  4.20
9.33  4.20
9.35  4.20
9.37  4.20
9.38  4.20
9.40  4.20
9.42  4.20
9.43  4.20
9.45  4.20
9.47  4.20
9.48  4.20
9.50  4.20
9.52  4.20
9.53  4.20
9.55  4.20
9.57  4.20
9.58  4.20
9.60  4.20
9.62  4.20
9.63  4.20
9.65  4.20
9.67  4.20
9.68  4.20
9.70  4.20
9.73  4.20
9.75  4.20
9.77  4.20
9.78  4.20
9.80  4.20
9.82  4.20
9.83  4.20
9.85  4.20
9.87  4.20
9.88  4.20
9.90  4.20
9.92  4.20
9.93  4.20
9.95  4.20
9.97  4.20
9.98  4.20
10.00  4.20
10.02  4.20
10.03  4.20
10.05  4.20
10.07  4.20
10.08  4.20
10.10  4.20
10.12  4.20
10.13  4.20
10.15  4.20
10.17  4.20
10.18  4.20
10.20  4.20
10.22  4.20
10.23  4.20
10.27  4.20
10.28  4.20
10.30  4.20
10.32  4.20
10.33  4.20
10.35  4.20
10.37  4.20
10.38  4.20
10.40  4.20
10.42  4.20
10.43  4.20
10.45  4.20
10.47  4.20
10.48  4.19
10.50  4.19
10.52  4.19
10.53  4.19
10.55  4.19
10.57  4.19
10.58  4.18
10.60  3.93
10.62  3.21
10.63  3.16
10.65  3.15
10.67  3.14
10.68  3.13
10.70  3.13
10.72  3.13
10.73  3.12
10.75  3.12
10.77  3.12
10.80  3.12
10.82  3.12
10.83  3.12
10.85  3.13
10.87  3.12
10.88  3.12
10.90  3.11
10.92  3.11
10.93  3.11
10.95  3.11
10.97  3.12
10.98  3.12
11.00  3.12
11.02  3.11
11.03  3.10
11.05  3.10
11.07  3.10
11.08  3.10
11.10  3.10
11.12  3.10
11.13  3.11
11.15  3.11
11.17  3.10
11.18  3.09
11.20  3.15
11.22  3.14
11.23  3.13
11.25  3.12
11.27  3.11
11.28  3.11
11.30  3.10
11.33  3.10
11.35  3.09
11.37  3.09
11.38  3.09
11.40  3.08
11.42  3.09
11.43  3.09
11.45  3.12
11.47  3.12
11.48  3.12
11.50  3.10
11.52  3.10
11.53  3.09
11.55  3.09
11.57  3.09
11.58  3.10
11.60  3.13
11.62  3.14
11.63  3.14
11.65  3.14
11.67  3.14
11.68  3.10
11.70  3.14
11.72  3.15
11.73  3.15
11.75  3.15
11.77  3.16
11.78  3.15
11.80  3.15
11.82  3.15
11.83  3.15
11.87  3.14
11.88  3.13
11.90  3.11
11.92  3.10
11.93  3.10
11.95  3.09
11.97  3.09
11.98  3.09
12.00  3.08
12.02  3.08
12.03  3.08
12.05  3.08
12.07  3.08
12.08  3.10
12.10  3.13
12.12  3.13
12.13  3.13
12.15  3.14
12.17  3.15
12.18  3.13
12.20  3.12
12.22  3.13
12.23  3.12
12.25  3.13
12.27  3.13
12.28  3.14
12.30  3.16
12.32  3.18
12.33  3.19
12.35  3.21
12.37  3.21
12.38  3.18
12.42  3.14
12.43  3.13
12.45  3.17
12.47  3.25
12.48  3.32
12.50  3.25
12.52  3.36
12.53  3.36
12.55  3.35
12.57  3.31
12.58  3.27
12.60  3.24
12.62  3.20
12.63  3.17
12.65  3.15
12.67  3.15
12.68  3.14
12.70  3.14
12.72  3.13
12.73  3.14
12.75  3.20
12.77  3.26
12.78  3.32
12.80  3.36
12.82  3.25
12.83  3.18
12.85  3.12
12.87  3.10
12.88  3.12
12.90  3.17
12.92  3.16
12.95  3.13
12.97  3.01
12.98  2.93
13.00  2.95
13.02  2.95
13.03  2.96
13.05  2.96
13.07  2.96
13.08  2.96
13.10  3.14
13.12  3.19
13.13  3.16
13.15  3.14
13.17  3.13
13.18  3.18
13.20  3.23
13.22  3.26
13.23  3.33
13.25  3.35
13.27  3.39
13.28  3.39
13.30  3.38
13.32  3.35
13.33  3.30
13.35  3.24
13.37  3.18
13.38  3.14
13.40  3.11
13.42  3.11
13.43  3.12
13.45  3.04
13.48  3.12
13.50  3.20
13.52  3.22
13.53  3.15
13.55  3.08
13.57  3.05
13.58  3.10
13.60  3.13
13.62  3.13
13.63  3.11
13.65  3.06
13.67  3.03
13.68  3.01
13.70  2.98
13.72  2.96
13.73  2.94
13.75  2.93
13.77  2.92
13.78  2.92
13.80  2.92
13.82  2.91
13.83  2.90
13.85  2.90
13.87  2.90
13.88  2.91
13.90  2.93
13.92  2.96
13.93  3.03
13.95  3.08
13.97  3.09
13.98  3.10
14.02  3.10
14.03  3.09
14.05  3.07
14.07  3.06
14.08  3.07
14.10  3.07
14.12  3.06
14.13  3.05
14.15  3.05
14.17  3.04
14.18  3.04
14.20  3.05
14.22  3.06
14.23  3.08
14.25  2.97
14.27  2.95
14.28  2.94
14.30  3.01
14.32  3.01
14.33  3.00
14.35  3.03
14.37  3.08
14.38  3.11
14.40  3.13
14.42  3.15
14.43  3.15
14.45  3.16
14.47  3.16
14.48  3.13
14.50  3.10
14.52  3.07
14.55  3.04
14.57  3.00
14.58  2.97
14.60  2.97
14.62  3.00
14.63  3.04
14.65  3.06
14.67  3.08
14.68  3.10
14.70  3.10
14.72  3.09
14.73  3.07
14.75  3.05
14.77  3.02
14.78  2.98
14.80  2.95
14.82  2.95
14.83  2.99
14.85  3.05
14.87  3.10
14.88  3.12
14.90  3.12
14.92  3.11
14.93  3.12
14.95  3.12
14.97  3.06
14.98  3.00
15.00  2.95
15.02  2.91
15.03  2.89
15.05  2.86
15.07  2.84
15.10  2.82
15.12  2.82
15.13  2.82
15.15  2.84
15.17  2.73
15.18  2.76
15.20  2.79
15.22  2.87
15.23  2.92
15.25  2.95
15.27  2.95
15.28  2.90
15.30  2.87
15.32  2.82
15.33  2.78
15.35  2.76
15.37  2.76
15.38  2.76
15.40  2.71
15.42  2.63
15.43  2.62
15.45  2.65
15.47  2.63
15.48  2.73
15.50  2.72
15.52  2.70
15.53  2.74
15.55  2.74
15.57  2.74
15.58  2.74
15.60  2.74
15.63  2.74
15.65  2.72
15.67  2.71
15.68  2.70
15.70  2.68
15.72  2.68
15.73  2.67
15.75  2.67
15.77  2.67
15.78  2.67
15.80  2.67
15.82  2.66
15.83  2.66
15.85  2.66
15.87  2.68
15.88  2.69
15.90  2.71
15.92  2.73
15.93  2.75
15.95  2.78
15.97  2.81
15.98  2.83
16.00  2.84
16.02  2.85
16.03  2.81
16.05  2.82
16.07  2.80
16.08  2.78
16.10  2.77
16.12  2.71
16.13  2.70
16.17  2.74
16.18  2.75
16.20  2.76
16.22  2.77
16.23  2.69
16.25  2.66
16.27  2.64
16.28  2.77
16.30  2.62
16.32  2.59
16.33  2.56
16.35  2.54
16.37  2.52
16.38  2.51
16.40  2.50
16.42  2.50
16.43  2.50
16.45  2.49
16.47  2.48
16.48  2.48
16.50  2.47
16.52  2.53
16.53  2.52
16.55  2.49
16.57  2.55
16.58  2.55
16.60  2.55
16.62  2.54
16.63  2.54
16.65  2.51
16.67  2.50
16.70  2.52
16.72  2.51
16.73  2.50
16.75  2.50
16.77  2.50
16.78  2.49
16.80  2.48
16.82  2.48
16.83  2.47
16.85  2.47
16.87  2.46
16.88  2.46
16.90  2.45
16.92  2.45
16.93  2.44
16.95  2.43
16.97  2.43
16.98  2.42
17.00  2.42
17.02  2.41
17.03  2.41
17.05  2.41
17.07  2.41
17.08  2.40
17.10  2.40
17.12  2.39
17.13  2.39
17.15  2.38
17.17  2.38
17.18  2.37
17.20  2.37
17.23  2.36
17.25  2.35
17.27  2.35
17.28  2.34
17.30  2.33
17.32  2.33
17.33  2.32
17.35  2.31
17.37  2.30
17.38  2.26
17.40  2.26
17.42  2.27
17.43  2.27
17.45  2.26
17.47  2.25
17.48  2.24
17.50  2.23
17.52  2.22
17.53  2.21
17.55  2.20
17.57  2.19
17.58  2.17
17.60  2.16
17.62  2.15
17.63  2.13
17.65  2.12
17.67  2.10
17.68  2.08
17.70  2.06
17.72  2.05
17.73  2.03
17.75  2.01
17.78  1.99
17.80  1.97
17.82  1.95
17.83  1.93
17.85  1.91
17.87  1.88
17.88  1.86
17.90  1.83
17.92  1.79
17.93  1.76
17.95  1.72
17.97  1.69
17.98  1.66
18.00  1.62
18.02  1.58
18.03  1.55
18.05  1.50
18.07  1.46
18.08  1.42
18.10  1.38
18.12  1.33
18.13  1.28
18.15  1.24
18.17  1.19
18.18  1.13
18.20  1.07
18.22  1.02
18.23  0.96
18.25  0.89
18.27  0.83
18.28  0.78
18.32  0.72
18.33  0.66
18.35  0.60
18.37  0.54
18.38  0.49
18.40  0.43
18.42  0.39
18.43  0.34
18.45  0.29
18.47  0.25
18.48  0.21
18.50  0.18
18.52  0.15
18.53  0.12
18.55  0.10
18.57  0.08
18.58  0.06
18.60  0.04
18.62  0.03
18.63  0.02
18.65  0.02
18.67  0.01
18.68  0.01
18.70  0.00
18.72  0.00
18.73  0.00
18.75  0.00
18.77  0.00
18.78  0.00
18.80  0.00
18.82  0.00
18.85  0.00
18.87  0.00
18.88  0.00
18.90  0.00
18.92  0.00
18.93  0.00
18.95  0.00
18.97  0.00
18.98  0.00
19.00  0.00
19.02  0.00
19.03  0.00
19.05  0.00
19.07  0.00
19.08  0.00
19.10  0.00
19.12  0.00
19.13  0.00
19.15  0.00
19.17  0.00
19.18  0.00
19.20  0.00
19.22  0.00
19.23  0.00
19.25  0.00
19.27  0.00
19.28  0.00
19.30  0.00
19.32  0.00
19.33  0.00
19.35  0.00
19.38  0.00
19.40  0.00
19.42  0.00
19.43  0.00
19.45  0.00
19.47  0.00
19.48  0.00
19.50  0.00
19.52  0.00
19.53  0.00
19.55  0.00
19.57  0.00
19.58  0.00
19.60  0.00
19.62  0.00
19.63  0.00
19.65  0.00
19.67  0.00
19.68  0.00
19.70  0.00
19.72  0.00
19.73  0.00
19.75  0.00
19.77  0.00
19.78  0.00
19.80  0.00
19.82  0.00
19.83  0.00
19.85  0.00
19.87  0.00
19.88  0.00
19.90  0.00
19.93  0.00
19.95  0.00
19.97  0.00
19.98  0.00
20.00  0.00
20.02  0.00
20.03  0.00
20.05  0.00
20.07  0.00
20.08  0.00
20.10  0.00
20.12  0.00
20.13  0.00
20.15  0.00
20.17  0.00
20.18  0.00
20.20  0.00
20.22  0.00
20.23  0.00
20.25  0.00
20.27  0.00
20.28  0.00
20.30  0.00
20.32  0.00
20.33  0.00
20.35  0.00
20.37  0.00
20.38  0.00
20.40  0.00
20.42  0.00
20.43  0.00
20.47  0.00
20.48  0.00
20.50  0.00
20.52  0.00
20.53  0.00
20.55  0.00
20.57  0.00
20.58  0.00
20.60  0.00
20.62  0.00
20.63  0.00
20.65  0.00
20.67  0.00
20.68  0.00
20.70  0.00
20.72  0.00
20.73  0.00
20.75  0.00
20.77  0.00
20.78  0.00
20.80  0.00
20.82  0.00
20.83  0.00
20.85  0.00
20.87  0.00
20.88  0.00
20.90  0.00
20.92  0.00
20.93  0.00
20.95  0.00
20.97  0.00
21.00  0.00
21.02  0.00
21.03  0.00
21.05  0.00
21.07  0.00
21.08  0.00
21.10  0.00
21.12  0.00
21.13  0.00
21.15  0.00
21.17  0.00
21.18  0.00
21.20  0.00
21.22  0.00
21.23  0.00
21.25  0.00
21.27  0.00
21.28  0.00
21.30  0.00
21.32  0.00
21.33  0.00
21.35  0.00
21.37  0.00
21.38  0.00
21.40  0.00
21.42  0.00
21.43  0.00
21.45  0.00
21.47  0.00
21.48  0.00
21.50  0.00
21.52  0.00
21.55  0.00
21.57  0.00
21.58  0.00
21.60  0.00
21.62  0.00
21.63  0.00
21.65  0.00
21.67  0.00
21.68  0.00
21.70  0.00
21.72  0.00
21.73  0.00
21.75  0.00
21.77  0.00
21.78  0.00
21.80  0.00
21.82  0.00
21.83  0.00
21.85  0.00
21.87  0.00
21.88  0.00
21.90  0.00
21.92  0.00
21.93  0.00
21.95  0.00
21.97  0.00
21.98  0.00
22.00  0.00
22.02  0.00
22.03  0.00
22.05  0.00
22.08  0.00
22.10  0.00
22.12  0.00
22.13  0.00
22.15  0.00
22.17  0.00
22.18  0.00
22.20  0.00
22.22  0.00
22.23  0.00
22.25  0.00
22.27  0.00
22.28  0.00
22.30  0.00
22.32  0.00
22.33  0.00
22.35  0.00
22.37  0.00
22.38  0.00
22.40  0.00
22.42  0.00
22.43  0.00
22.45  0.00
22.47  0.00
22.48  0.00
22.50  0.00
22.52  0.00
22.53  0.00
22.55  0.00
22.57  0.00
22.58  0.00
22.62  0.00
22.63  0.00
22.65  0.00
22.67  0.00
22.68  0.00
22.70  0.00
22.72  0.00
22.73  0.00
22.75  0.00
22.77  0.00
22.78  0.00
22.80  0.00
22.82  0.00
22.83  0.00
22.85  0.00
22.87  0.00
22.88  0.00
22.90  0.00
22.92  0.00
22.93  0.00
22.95  0.00
22.97  0.00
22.98  0.00
23.00  0.00
23.02  0.00
23.03  0.00
23.05  0.00
23.07  0.00
23.08  0.00
23.10  0.00
23.12  0.00
23.13  0.00
23.17  0.00
23.18  0.00
23.20  0.00
23.22  0.00
23.23  0.00
23.25  0.00
23.27  0.00
23.28  0.00
23.30  0.00
23.32  0.00
23.33  0.00
23.35  0.00
23.37  0.00
23.38  0.00
23.40  0.00
23.42  0.00
23.43  0.00
23.45  0.00
23.47  0.00
23.48  0.00
23.50  0.00
23.52  0.00
23.53  0.00
23.55  0.00
23.57  0.00
23.58  0.00
23.60  0.00
23.62  0.00
23.63  0.00
23.65  0.00
23.67  0.00
23.70  0.00
23.72  0.00
23.73  0.00
23.75  0.00
23.77  0.00
23.78  0.00
23.80  0.00
23.82  0.00
23.83  0.00
23.85  0.00
23.87  0.00
23.88  0.00
23.90  0.00
23.92  0.00
23.93  0.00
23.95  0.00
23.97  0.00
23.98  0.00
