genericdec
-3.60   40.15
17   5   2015
0.00  0.00
0.02  0.00
0.03  0.00
0.05  0.00
0.07  0.00
0.08  0.00
0.10  0.00
0.12  0.00
0.13  0.00
0.15  0.00
0.17  0.00
0.18  0.00
0.20  0.00
0.22  0.00
0.23  0.00
0.25  0.00
0.27  0.00
0.28  0.00
0.30  0.00
0.32  0.00
0.33  0.00
0.35  0.00
0.37  0.00
0.38  0.00
0.40  0.00
0.42  0.00
0.43  0.00
0.45  0.00
0.47  0.00
0.48  0.00
0.50  0.00
0.52  0.00
0.53  0.00
0.55  0.00
0.57  0.00
0.58  0.00
0.60  0.00
0.62  0.00
0.63  0.00
0.65  0.00
0.67  0.00
0.68  0.00
0.70  0.00
0.72  0.00
0.73  0.00
0.75  0.00
0.77  0.00
0.78  0.00
0.80  0.00
0.82  0.00
0.83  0.00
0.85  0.00
0.87  0.00
0.88  0.00
0.90  0.00
0.92  0.00
0.93  0.00
0.95  0.00
0.97  0.00
0.98  0.00
1.00  0.00
1.02  0.00
1.03  0.00
1.05  0.00
1.07  0.00
1.08  0.00
1.10  0.00
1.12  0.00
1.13  0.00
1.15  0.00
1.17  0.00
1.18  0.00
1.20  0.00
1.22  0.00
1.23  0.00
1.25  0.00
1.27  0.00
1.28  0.00
1.30  0.00
1.32  0.00
1.33  0.00
1.35  0.00
1.37  0.00
1.38  0.00
1.40  0.00
1.42  0.00
1.43  0.00
1.45  0.00
1.47  0.00
1.48  0.00
1.50  0.00
1.52  0.00
1.53  0.00
1.55  0.00
1.57  0.00
1.58  0.00
1.60  0.00
1.62  0.00
1.63  0.00
1.65  0.00
1.67  0.00
1.68  0.00
1.70  0.00
1.72  0.00
1.73  0.00
1.75  0.00
1.77  0.00
1.78  0.00
1.80  0.00
1.82  0.00
1.83  0.00
1.85  0.00
1.87  0.00
1.88  0.00
1.90  0.00
1.92  0.00
1.93  0.00
1.95  0.00
1.97  0.00
1.98  0.00
2.00  0.00
2.02  0.00
2.03  0.00
2.05  0.00
2.07  0.00
2.08  0.00
2.10  0.00
2.12  0.00
2.13  0.00
2.15  0.00
2.17  0.00
2.18  0.00
2.20  0.00
2.22  0.00
2.23  0.00
2.25  0.00
2.27  0.00
2.28  0.00
2.30  0.00
2.32  0.00
2.33  0.00
2.35  0.00
2.37  0.00
2.38  0.00
2.40  0.00
2.42  0.00
2.43  0.00
2.45  0.00
2.47  0.00
2.48  0.00
2.50  0.00
2.52  0.00
2.53  0.00
2.55  0.00
2.57  0.00
2.58  0.00
2.60  0.00
2.62  0.00
2.63  0.00
2.65  0.00
2.67  0.00
2.68  0.00
2.70  0.00
2.72  0.00
2.73  0.00
2.75  0.00
2.77  0.00
2.78  0.00
2.80  0.00
2.82  0.00
2.83  0.00
2.85  0.00
2.87  0.00
2.88  0.00
2.90  0.00
2.92  0.00
2.93  0.00
2.95  0.00
2.97  0.00
2.98  0.00
3.00  0.00
3.00  0.00
3.02  0.00
3.03  0.00
3.05  0.00
3.07  0.00
3.08  0.00
3.10  0.00
3.12  0.00
3.13  0.00
3.15  0.00
3.17  0.00
3.18  0.00
3.20  0.00
3.22  0.00
3.23  0.00
3.25  0.00
3.27  0.00
3.28  0.00
3.30  0.00
3.32  0.00
3.33  0.00
3.35  0.00
3.37  0.00
3.38  0.00
3.40  0.00
3.42  0.00
3.43  0.00
3.45  0.00
3.47  0.00
3.48  0.00
3.50  0.00
3.52  0.00
3.53  0.00
3.55  0.00
3.57  0.00
3.58  0.00
3.60  0.00
3.62  0.00
3.63  0.00
3.65  0.00
3.67  0.00
3.68  0.00
3.70  0.00
3.72  0.00
3.73  0.00
3.75  0.00
3.77  0.00
3.78  0.00
3.80  0.00
3.82  0.00
3.83  0.00
3.85  0.00
3.87  0.00
3.88  0.00
3.90  0.00
3.92  0.00
3.93  0.00
3.95  0.00
3.97  0.00
3.98  0.00
4.00  0.00
4.02  0.00
4.03  0.00
4.05  0.00
4.07  0.00
4.08  0.00
4.10  0.00
4.12  0.00
4.13  0.00
4.15  0.00
4.17  0.00
4.18  0.00
4.20  0.00
4.22  0.00
4.23  0.00
4.25  0.00
4.27  0.00
4.28  0.01
4.30  0.01
4.32  0.01
4.33  0.02
4.35  0.03
4.37  0.03
4.38  0.04
4.40  0.05
4.42  0.06
4.43  0.07
4.45  0.08
4.47  0.09
4.48  0.11
4.50  0.13
4.52  0.14
4.53  0.16
4.55  0.19
4.57  0.21
4.58  0.24
4.60  0.28
4.62  0.31
4.63  0.35
4.65  0.39
4.67  0.42
4.68  0.47
4.70  0.52
4.72  0.56
4.73  0.61
4.75  0.66
4.77  0.71
4.78  0.76
4.80  0.82
4.82  0.87
4.83  0.92
4.85  0.98
4.87  1.04
4.88  1.09
4.90  1.15
4.92  1.20
4.93  1.26
4.95  1.32
4.97  1.37
4.98  1.42
5.00  1.62
5.02  1.90
5.03  2.11
5.05  2.22
5.07  2.31
5.08  2.39
5.10  2.47
5.12  2.54
5.13  2.61
5.15  2.68
5.17  2.74
5.18  2.78
5.20  2.82
5.22  2.85
5.23  2.90
5.25  2.96
5.27  3.01
5.28  3.05
5.30  3.09
5.32  3.13
5.33  3.17
5.35  3.20
5.37  3.23
5.38  3.26
5.40  3.28
5.42  3.31
5.43  3.34
5.45  3.36
5.47  3.38
5.48  3.40
5.50  3.42
5.52  3.44
5.53  3.46
5.55  3.48
5.57  3.50
5.58  3.52
5.60  3.53
5.62  3.55
5.63  3.56
5.65  3.58
5.67  3.59
5.68  3.60
5.70  3.61
5.72  3.63
5.73  3.63
5.75  3.65
5.77  3.67
5.78  3.67
5.80  3.68
5.82  3.69
5.83  3.69
5.85  3.70
5.87  3.72
5.88  3.72
5.90  3.73
5.92  3.74
5.93  3.75
5.95  3.75
5.97  3.77
5.98  3.78
6.00  3.79
6.02  3.80
6.03  3.80
6.05  3.81
6.07  3.82
6.08  3.82
6.10  3.82
6.12  3.82
6.13  3.83
6.15  3.84
6.17  3.85
6.18  3.84
6.20  3.86
6.22  3.87
6.23  3.88
6.25  3.88
6.27  3.89
6.28  3.89
6.30  3.90
6.32  3.90
6.33  3.91
6.35  3.91
6.37  3.92
6.38  3.92
6.40  3.93
6.42  3.93
6.43  3.93
6.45  3.93
6.47  3.94
6.48  3.95
6.50  3.95
6.52  3.95
6.53  3.96
6.55  3.96
6.57  3.96
6.58  3.97
6.60  3.97
6.62  3.97
6.63  3.98
6.65  3.99
6.67  3.99
6.68  3.99
6.70  4.00
6.72  4.00
6.73  4.00
6.75  4.00
6.77  4.01
6.78  4.01
6.80  4.02
6.82  4.02
6.83  4.02
6.85  4.03
6.87  4.03
6.88  4.03
6.90  4.03
6.92  4.03
6.93  4.03
6.95  4.04
6.97  4.04
6.98  4.05
7.00  4.05
7.02  4.05
7.03  4.05
7.05  4.06
7.07  4.06
7.08  4.06
7.10  4.06
7.12  4.07
7.13  4.07
7.15  4.08
7.17  4.08
7.18  4.08
7.20  4.08
7.22  4.09
7.23  4.09
7.25  4.10
7.27  4.10
7.28  4.10
7.30  4.10
7.32  4.10
7.33  4.10
7.35  4.11
7.37  4.10
7.38  4.11
7.40  4.11
7.42  4.11
7.43  4.12
7.45  4.12
7.47  4.12
7.48  4.12
7.50  4.12
7.52  4.12
7.53  4.13
7.55  4.13
7.57  4.13
7.58  4.13
7.60  4.13
7.62  4.14
7.63  4.14
7.65  4.14
7.67  4.14
7.68  4.14
7.70  4.14
7.72  4.15
7.73  4.15
7.75  4.15
7.77  4.15
7.78  4.15
7.80  4.15
7.82  4.16
7.83  4.16
7.85  4.16
7.87  4.16
7.88  4.16
7.90  4.16
7.92  4.17
7.93  4.17
7.95  4.17
7.97  4.17
7.98  4.17
8.00  4.17
8.02  4.17
8.03  4.17
8.05  4.17
8.07  4.18
8.08  4.18
8.10  4.17
8.12  4.17
8.13  4.18
8.15  4.18
8.17  4.18
8.18  4.18
8.20  4.18
8.22  4.19
8.23  4.19
8.25  4.19
8.27  4.19
8.28  4.19
8.30  4.19
8.32  4.19
8.33  4.19
8.35  4.19
8.37  4.19
8.38  4.19
8.40  4.20
8.42  4.19
8.43  4.20
8.45  4.20
8.47  4.20
8.48  4.20
8.50  4.20
8.52  4.20
8.53  4.20
8.55  4.20
8.57  4.20
8.58  4.21
8.60  4.21
8.62  4.21
8.63  4.21
8.65  4.22
8.67  4.22
8.68  4.22
8.70  4.22
8.72  4.22
8.73  4.22
8.75  4.22
8.77  4.22
8.78  4.22
8.80  4.22
8.82  4.22
8.83  4.22
8.85  4.22
8.87  4.22
8.88  4.22
8.90  4.23
8.92  4.23
8.93  4.23
8.95  4.23
8.97  4.23
8.98  4.23
9.00  4.23
9.02  4.23
9.03  4.24
9.05  4.24
9.07  4.24
9.08  4.24
9.10  4.24
9.12  4.24
9.13  4.24
9.15  4.24
9.17  4.24
9.18  4.24
9.20  4.24
9.22  4.24
9.23  4.24
9.25  4.24
9.27  4.24
9.28  4.24
9.30  4.25
9.32  4.24
9.33  4.24
9.35  4.24
9.37  4.25
9.38  4.25
9.40  4.25
9.42  4.25
9.43  4.25
9.45  4.25
9.47  4.25
9.48  4.25
9.50  4.25
9.52  4.25
9.53  4.25
9.55  4.25
9.57  4.25
9.58  4.25
9.60  4.25
9.62  4.25
9.63  4.25
9.65  4.25
9.67  4.25
9.68  4.26
9.70  4.26
9.72  4.26
9.73  4.26
9.75  4.26
9.77  4.26
9.78  4.26
9.80  4.26
9.82  4.26
9.83  4.26
9.85  4.26
9.87  4.26
9.88  4.26
9.90  4.26
9.92  4.26
9.93  4.26
9.95  4.26
9.97  4.26
9.98  4.26
10.00  4.26
10.02  4.27
10.03  4.27
10.05  4.27
10.07  4.27
10.08  4.27
10.10  4.27
10.12  4.27
10.13  4.27
10.15  4.27
10.17  4.27
10.18  4.27
10.20  4.27
10.22  4.27
10.23  4.27
10.25  4.27
10.27  4.27
10.28  4.27
10.30  4.27
10.32  4.27
10.33  4.27
10.35  4.27
10.37  4.27
10.38  4.27
10.40  4.27
10.42  4.27
10.43  4.27
10.45  4.27
10.47  4.27
10.48  4.27
10.50  4.27
10.52  4.27
10.53  4.27
10.55  4.27
10.57  4.27
10.58  4.27
10.60  4.27
10.62  4.27
10.63  4.27
10.65  4.27
10.67  4.27
10.68  4.27
10.70  4.27
10.72  4.27
10.73  4.27
10.75  4.27
10.77  4.27
10.78  4.27
10.80  4.27
10.82  4.27
10.83  4.27
10.85  4.27
10.87  4.27
10.88  4.27
10.90  4.27
10.92  4.27
10.93  4.27
10.95  4.27
10.97  4.27
10.98  4.27
11.00  4.27
11.02  4.27
11.03  4.27
11.05  4.27
11.07  4.27
11.08  4.27
11.10  4.27
11.12  4.27
11.13  4.27
11.15  4.27
11.17  4.27
11.18  4.27
11.20  4.27
11.22  4.27
11.23  4.27
11.25  4.27
11.27  4.27
11.28  4.27
11.30  4.27
11.32  4.27
11.33  4.27
11.35  4.27
11.37  4.27
11.38  4.23
11.40  3.96
11.42  3.20
11.43  3.05
11.45  3.02
11.47  3.00
11.48  2.99
11.50  2.97
11.52  2.96
11.53  2.95
11.55  2.95
11.57  2.93
11.58  2.92
11.60  2.91
11.62  2.90
11.63  2.89
11.65  2.89
11.67  2.89
11.68  2.89
11.70  2.89
11.72  2.89
11.73  2.89
11.75  2.88
11.77  2.88
11.78  2.87
11.80  2.87
11.82  2.87
11.83  2.87
11.85  2.86
11.87  2.86
11.88  2.86
11.90  2.86
11.92  2.85
11.93  2.85
11.95  2.85
11.97  2.85
11.98  2.85
12.00  2.84
12.02  2.84
12.03  2.84
12.05  2.84
12.07  2.84
12.08  2.83
12.10  2.83
12.12  2.83
12.13  2.83
12.15  2.83
12.17  2.82
12.18  2.82
12.20  2.82
12.22  2.81
12.23  2.81
12.25  2.81
12.27  2.80
12.28  2.80
12.30  2.80
12.32  2.80
12.33  2.79
12.35  2.79
12.37  2.79
12.38  2.79
12.40  2.79
12.42  2.78
12.43  2.78
12.45  2.78
12.47  2.78
12.48  2.77
12.50  2.77
12.52  2.77
12.53  2.77
12.55  2.77
12.57  2.76
12.58  2.76
12.60  2.75
12.62  2.75
12.63  2.75
12.65  2.75
12.67  2.75
12.68  2.74
12.70  2.74
12.72  2.74
12.73  2.74
12.75  2.73
12.77  2.73
12.78  2.73
12.80  2.72
12.82  2.72
12.83  2.72
12.85  2.72
12.87  2.72
12.88  2.71
12.90  2.71
12.92  2.71
12.93  2.71
12.95  2.71
12.97  2.71
12.98  2.70
13.00  2.70
13.02  2.70
13.03  2.70
13.05  2.69
13.07  2.69
13.08  2.69
13.10  2.69
13.12  2.68
13.13  2.68
13.15  2.67
13.17  2.67
13.18  2.67
13.20  2.67
13.22  2.67
13.23  2.67
13.25  2.66
13.27  2.66
13.28  2.66
13.30  2.66
13.32  2.65
13.33  2.65
13.35  2.65
13.37  2.65
13.38  2.64
13.40  2.64
13.42  2.64
13.43  2.64
13.45  2.64
13.47  2.64
13.48  2.63
13.50  2.63
13.52  2.63
13.53  2.63
13.55  2.62
13.57  2.62
13.58  2.62
13.60  2.62
13.62  2.62
13.63  2.61
13.65  2.61
13.67  2.61
13.68  2.61
13.70  2.61
13.70  2.60
13.72  2.60
13.73  2.60
13.75  2.59
13.77  2.59
13.78  2.59
13.80  2.59
13.82  2.59
13.83  2.59
13.85  2.59
13.87  2.59
13.88  2.58
13.90  2.58
13.92  2.58
13.93  2.58
13.95  2.58
13.97  2.57
13.98  2.57
14.00  2.57
14.02  2.57
14.03  2.57
14.05  2.57
14.07  2.57
14.08  2.56
14.10  2.56
14.12  2.56
14.13  2.56
14.15  2.56
14.17  2.56
14.18  2.55
14.20  2.55
14.22  2.55
14.23  2.55
14.25  2.55
14.27  2.55
14.28  2.55
14.30  2.55
14.32  2.54
14.33  2.54
14.35  2.54
14.37  2.54
14.38  2.54
14.40  2.54
14.42  2.54
14.43  2.54
14.45  2.53
14.47  2.53
14.48  2.53
14.50  2.54
14.52  2.53
14.53  2.53
14.55  2.53
14.57  2.53
14.58  2.53
14.60  2.53
14.62  2.53
14.63  2.53
14.65  2.52
14.67  2.52
14.68  2.52
14.70  2.52
14.72  2.52
14.73  2.52
14.75  2.52
14.77  2.52
14.78  2.52
14.80  2.52
14.82  2.52
14.83  2.52
14.85  2.51
14.87  2.51
14.88  2.51
14.90  2.51
14.92  2.51
14.93  2.51
14.95  2.51
14.97  2.51
14.98  2.51
15.00  2.51
15.02  2.51
15.03  2.51
15.05  2.51
15.07  2.51
15.08  2.51
15.10  2.51
15.12  2.51
15.13  2.51
15.15  2.51
15.17  2.51
15.18  2.51
15.20  2.50
15.22  2.50
15.23  2.50
15.25  2.50
15.27  2.50
15.28  2.51
15.30  2.50
15.32  2.50
15.33  2.50
15.35  2.51
15.37  2.51
15.38  2.50
15.40  2.51
15.42  2.51
15.43  2.51
15.45  2.50
15.47  2.51
15.48  2.51
15.50  2.50
15.52  2.50
15.53  2.50
15.55  2.51
15.57  2.51
15.58  2.50
15.60  2.51
15.62  2.50
15.63  2.51
15.65  2.51
15.67  2.51
15.68  2.51
15.70  2.51
15.72  2.51
15.73  2.50
15.75  2.50
15.77  2.50
15.78  2.50
15.80  2.51
15.82  2.50
15.83  2.50
15.85  2.50
15.87  2.50
15.88  2.50
15.90  2.50
15.92  2.50
15.93  2.50
15.95  2.50
15.97  2.50
15.98  2.50
16.00  2.49
16.02  2.49
16.03  2.49
16.05  2.49
16.07  2.49
16.08  2.49
16.10  2.49
16.12  2.49
16.13  2.49
16.15  2.48
16.17  2.48
16.18  2.48
16.20  2.48
16.22  2.48
16.23  2.48
16.25  2.48
16.27  2.48
16.28  2.48
16.30  2.47
16.32  2.48
16.33  2.48
16.35  2.47
16.37  2.47
16.38  2.47
16.40  2.47
16.42  2.47
16.43  2.47
16.45  2.47
16.47  2.47
16.48  2.47
16.50  2.47
16.52  2.47
16.53  2.47
16.55  2.47
16.57  2.46
16.58  2.46
16.60  2.46
16.62  2.46
16.63  2.46
16.65  2.46
16.67  2.46
16.68  2.46
16.70  2.46
16.72  2.46
16.73  2.45
16.75  2.45
16.77  2.45
16.78  2.45
16.80  2.45
16.82  2.45
16.83  2.44
16.85  2.44
16.87  2.44
16.88  2.44
16.90  2.44
16.92  2.44
16.93  2.44
16.95  2.44
16.97  2.44
16.98  2.44
17.00  2.43
17.02  2.43
17.03  2.43
17.05  2.43
17.07  2.43
17.08  2.43
17.10  2.43
17.12  2.43
17.13  2.43
17.15  2.42
17.17  2.42
17.18  2.42
17.20  2.42
17.22  2.42
17.23  2.41
17.25  2.41
17.27  2.41
17.28  2.41
17.30  2.41
17.32  2.41
17.33  2.40
17.35  2.40
17.37  2.40
17.38  2.40
17.40  2.40
17.42  2.40
17.43  2.40
17.45  2.39
17.47  2.39
17.48  2.39
17.50  2.39
17.52  2.38
17.53  2.38
17.55  2.38
17.57  2.38
17.58  2.38
17.60  2.37
17.62  2.37
17.63  2.37
17.65  2.36
17.67  2.36
17.68  2.36
17.70  2.36
17.72  2.35
17.73  2.35
17.75  2.35
17.77  2.34
17.78  2.34
17.80  2.34
17.82  2.33
17.83  2.33
17.85  2.33
17.87  2.32
17.88  2.32
17.90  2.32
17.92  2.31
17.93  2.31
17.95  2.30
17.97  2.30
17.98  2.29
18.00  2.29
18.02  2.28
18.03  2.28
18.05  2.27
18.07  2.27
18.08  2.26
18.10  2.26
18.12  2.25
18.13  2.24
18.15  2.23
18.17  2.23
18.18  2.22
18.20  2.21
18.22  2.20
18.23  2.19
18.25  2.18
18.27  2.17
18.28  2.16
18.30  2.15
18.32  2.14
18.33  2.13
18.35  2.12
18.37  2.12
18.38  2.11
18.40  2.10
18.42  2.09
18.43  2.08
18.45  2.07
18.47  2.07
18.48  2.06
18.50  2.05
18.52  2.04
18.53  2.03
18.55  2.02
18.57  2.01
18.58  2.00
18.60  1.99
18.62  1.97
18.63  1.96
18.65  1.95
18.67  1.94
18.68  1.93
18.70  1.91
18.72  1.90
18.73  1.88
18.75  1.87
18.77  1.86
18.78  1.84
18.80  1.82
18.82  1.81
18.83  1.79
18.85  1.77
18.87  1.75
18.88  1.73
18.90  1.71
18.92  1.69
18.93  1.66
18.95  1.64
18.97  1.61
18.98  1.58
19.00  1.55
19.02  1.52
19.03  1.49
19.05  1.45
19.07  1.42
19.08  1.39
19.10  1.36
19.12  1.33
19.13  1.29
19.15  1.25
19.17  1.20
19.18  1.16
19.20  1.11
19.22  1.06
19.23  1.01
19.25  0.96
19.27  0.91
19.28  0.86
19.30  0.82
19.32  0.77
19.33  0.72
19.35  0.67
19.37  0.63
19.38  0.58
19.40  0.54
19.42  0.49
19.43  0.45
19.45  0.41
19.47  0.37
19.48  0.33
19.50  0.29
19.52  0.26
19.53  0.23
19.55  0.20
19.57  0.17
19.58  0.14
19.60  0.12
19.62  0.10
19.63  0.09
19.65  0.07
19.67  0.06
19.68  0.05
19.70  0.04
19.72  0.03
19.73  0.02
19.75  0.02
19.77  0.01
19.78  0.01
19.80  0.00
19.82  0.00
19.83  0.00
19.85  0.00
19.87  0.00
19.88  0.00
19.90  0.00
19.92  0.00
19.93  0.00
19.95  0.00
19.97  0.00
19.98  0.00
20.00  0.00
20.02  0.00
20.03  0.00
20.05  0.00
20.07  0.00
20.08  0.00
20.10  0.00
20.12  0.00
20.13  0.00
20.15  0.00
20.17  0.00
20.18  0.00
20.20  0.00
20.22  0.00
20.23  0.00
20.25  0.00
20.27  0.00
20.28  0.00
20.30  0.00
20.32  0.00
20.33  0.00
20.35  0.00
20.37  0.00
20.38  0.00
20.40  0.00
20.42  0.00
20.43  0.00
20.45  0.00
20.47  0.00
20.48  0.00
20.50  0.00
20.52  0.00
20.53  0.00
20.55  0.00
20.57  0.00
20.58  0.00
20.60  0.00
20.62  0.00
20.63  0.00
20.65  0.00
20.67  0.00
20.68  0.00
20.70  0.00
20.72  0.00
20.73  0.00
20.75  0.00
20.77  0.00
20.78  0.00
20.80  0.00
20.82  0.00
20.83  0.00
20.85  0.00
20.87  0.00
20.88  0.00
20.90  0.00
20.92  0.00
20.93  0.00
20.95  0.00
20.97  0.00
20.98  0.00
21.00  0.00
21.02  0.00
21.03  0.00
21.05  0.00
21.07  0.00
21.08  0.00
21.10  0.00
21.12  0.00
21.13  0.00
21.15  0.00
21.17  0.00
21.18  0.00
21.20  0.00
21.22  0.00
21.23  0.00
21.25  0.00
21.27  0.00
21.28  0.00
21.30  0.00
21.32  0.00
21.33  0.00
21.35  0.00
21.37  0.00
21.38  0.00
21.40  0.00
21.42  0.00
21.43  0.00
21.45  0.00
21.47  0.00
21.48  0.00
21.50  0.00
21.52  0.00
21.53  0.00
21.55  0.00
21.57  0.00
21.58  0.00
21.60  0.00
21.62  0.00
21.63  0.00
21.65  0.00
21.67  0.00
21.68  0.00
21.70  0.00
21.72  0.00
21.73  0.00
21.75  0.00
21.77  0.00
21.78  0.00
21.80  0.00
21.82  0.00
21.83  0.00
21.85  0.00
21.87  0.00
21.88  0.00
21.90  0.00
21.92  0.00
21.93  0.00
21.95  0.00
21.97  0.00
21.98  0.00
22.00  0.00
22.02  0.00
22.03  0.00
22.05  0.00
22.07  0.00
22.08  0.00
22.10  0.00
22.12  0.00
22.13  0.00
22.15  0.00
22.17  0.00
22.18  0.00
22.20  0.00
22.22  0.00
22.23  0.00
22.25  0.00
22.27  0.00
22.28  0.00
22.30  0.00
22.32  0.00
22.33  0.00
22.35  0.00
22.37  0.00
22.38  0.00
22.40  0.00
22.42  0.00
22.43  0.00
22.45  0.00
22.47  0.00
22.48  0.00
22.50  0.00
22.52  0.00
22.53  0.00
22.55  0.00
22.57  0.00
22.58  0.00
22.60  0.00
22.62  0.00
22.63  0.00
22.65  0.00
22.67  0.00
22.68  0.00
22.70  0.00
22.72  0.00
22.73  0.00
22.75  0.00
22.77  0.00
22.78  0.00
22.80  0.00
22.82  0.00
22.83  0.00
22.85  0.00
22.87  0.00
22.88  0.00
22.90  0.00
22.92  0.00
22.93  0.00
22.95  0.00
22.97  0.00
22.98  0.00
23.00  0.00
23.02  0.00
23.03  0.00
23.05  0.00
23.07  0.00
23.08  0.00
23.10  0.00
23.12  0.00
23.13  0.00
23.15  0.00
23.17  0.00
23.18  0.00
23.20  0.00
23.22  0.00
23.23  0.00
23.25  0.00
23.27  0.00
23.28  0.00
23.30  0.00
23.32  0.00
23.33  0.00
23.35  0.00
23.37  0.00
23.38  0.00
23.40  0.00
23.42  0.00
23.43  0.00
23.45  0.00
23.47  0.00
23.48  0.00
23.50  0.00
23.52  0.00
23.53  0.00
23.55  0.00
23.57  0.00
23.58  0.00
23.60  0.00
23.62  0.00
23.63  0.00
23.65  0.00
23.67  0.00
23.68  0.00
23.70  0.00
23.72  0.00
23.73  0.00
23.75  0.00
23.77  0.00
23.78  0.00
23.80  0.00
23.82  0.00
23.83  0.00
23.85  0.00
23.87  0.00
23.88  0.00
23.90  0.00
23.92  0.00
23.93  0.00
23.95  0.00
23.97  0.00
23.98  0.00

