genericdec
-3.60   40.15
18  9  2015
0.02  0.00
0.03  0.00
0.05  0.00
0.07  0.00
0.08  0.00
0.10  0.00
0.12  0.00
0.13  0.00
0.15  0.00
0.17  0.00
0.18  0.00
0.20  0.00
0.22  0.00
0.25  0.00
0.27  0.00
0.28  0.00
0.30  0.00
0.32  0.00
0.33  0.00
0.35  0.00
0.37  0.00
0.38  0.00
0.40  0.00
0.42  0.00
0.43  0.00
0.45  0.00
0.47  0.00
0.48  0.00
0.50  0.00
0.52  0.00
0.53  0.00
0.55  0.00
0.57  0.00
0.58  0.00
0.60  0.00
0.62  0.00
0.63  0.00
0.65  0.00
0.67  0.00
0.68  0.00
0.70  0.00
0.72  0.00
0.73  0.00
0.75  0.00
0.78  0.00
0.80  0.00
0.82  0.00
0.83  0.00
0.85  0.00
0.87  0.00
0.88  0.00
0.90  0.00
0.92  0.00
0.93  0.00
0.95  0.00
0.97  0.00
0.98  0.00
1.00  0.00
1.02  0.00
1.03  0.00
1.05  0.00
1.07  0.00
1.08  0.00
1.10  0.00
1.12  0.00
1.13  0.00
1.15  0.00
1.17  0.00
1.18  0.00
1.20  0.00
1.22  0.00
1.23  0.00
1.25  0.00
1.27  0.00
1.28  0.00
1.32  0.00
1.33  0.00
1.35  0.00
1.37  0.00
1.38  0.00
1.40  0.00
1.42  0.00
1.43  0.00
1.45  0.00
1.47  0.00
1.48  0.00
1.50  0.00
1.52  0.00
1.53  0.00
1.55  0.00
1.57  0.00
1.58  0.00
1.60  0.00
1.62  0.00
1.63  0.00
1.65  0.00
1.67  0.00
1.68  0.00
1.70  0.00
1.72  0.00
1.73  0.00
1.75  0.00
1.77  0.00
1.78  0.00
1.80  0.00
1.82  0.00
1.83  0.00
1.87  0.00
1.88  0.00
1.90  0.00
1.92  0.00
1.93  0.00
1.95  0.00
1.97  0.00
1.98  0.00
2.00  0.00
2.02  0.00
2.03  0.00
2.05  0.00
2.07  0.00
2.08  0.00
2.10  0.00
2.12  0.00
2.13  0.00
2.15  0.00
2.17  0.00
2.18  0.00
2.20  0.00
2.22  0.00
2.23  0.00
2.25  0.00
2.27  0.00
2.28  0.00
2.30  0.00
2.32  0.00
2.33  0.00
2.35  0.00
2.37  0.00
2.40  0.00
2.42  0.00
2.43  0.00
2.45  0.00
2.47  0.00
2.48  0.00
2.50  0.00
2.52  0.00
2.53  0.00
2.55  0.00
2.57  0.00
2.58  0.00
2.60  0.00
2.62  0.00
2.63  0.00
2.65  0.00
2.67  0.00
2.68  0.00
2.70  0.00
2.72  0.00
2.73  0.00
2.75  0.00
2.77  0.00
2.78  0.00
2.80  0.00
2.82  0.00
2.83  0.00
2.85  0.00
2.87  0.00
2.88  0.00
2.90  0.00
2.93  0.00
2.95  0.00
2.97  0.00
2.98  0.00
3.00  0.00
3.02  0.00
3.03  0.00
3.05  0.00
3.07  0.00
3.08  0.00
3.10  0.00
3.12  0.00
3.13  0.00
3.15  0.00
3.17  0.00
3.18  0.00
3.20  0.00
3.22  0.00
3.23  0.00
3.25  0.00
3.27  0.00
3.28  0.00
3.30  0.00
3.32  0.00
3.33  0.00
3.35  0.00
3.37  0.00
3.38  0.00
3.40  0.00
3.42  0.00
3.43  0.00
3.45  0.00
3.48  0.00
3.50  0.00
3.52  0.00
3.53  0.00
3.55  0.00
3.57  0.00
3.58  0.00
3.60  0.00
3.62  0.00
3.63  0.00
3.65  0.00
3.67  0.00
3.68  0.00
3.70  0.00
3.72  0.00
3.73  0.00
3.75  0.00
3.77  0.00
3.78  0.00
3.80  0.00
3.82  0.00
3.83  0.00
3.85  0.00
3.87  0.00
3.88  0.00
3.90  0.00
3.92  0.00
3.93  0.00
3.95  0.00
3.97  0.00
3.98  0.00
4.02  0.00
4.03  0.00
4.05  0.00
4.07  0.00
4.08  0.00
4.10  0.00
4.12  0.00
4.13  0.00
4.15  0.00
4.17  0.00
4.18  0.00
4.20  0.00
4.22  0.00
4.23  0.00
4.25  0.00
4.27  0.00
4.28  0.00
4.30  0.00
4.32  0.00
4.33  0.00
4.35  0.00
4.37  0.00
4.38  0.00
4.40  0.00
4.42  0.00
4.43  0.00
4.45  0.00
4.47  0.00
4.48  0.00
4.50  0.00
4.52  0.00
4.55  0.00
4.57  0.00
4.58  0.00
4.60  0.00
4.62  0.00
4.63  0.00
4.65  0.00
4.67  0.00
4.68  0.00
4.70  0.00
4.72  0.00
4.73  0.00
4.75  0.00
4.77  0.00
4.78  0.00
4.80  0.00
4.82  0.00
4.83  0.00
4.85  0.00
4.87  0.00
4.88  0.00
4.90  0.00
4.92  0.00
4.93  0.00
4.95  0.00
4.97  0.00
4.98  0.00
5.00  0.00
5.02  0.00
5.03  0.00
5.05  0.00
5.07  0.00
5.10  0.00
5.12  0.00
5.13  0.00
5.15  0.00
5.17  0.00
5.18  0.00
5.20  0.00
5.22  0.00
5.23  0.00
5.25  0.00
5.27  0.00
5.28  0.00
5.30  0.00
5.32  0.00
5.33  0.00
5.35  0.01
5.37  0.01
5.38  0.02
5.40  0.02
5.42  0.03
5.43  0.04
5.45  0.05
5.47  0.07
5.48  0.09
5.50  0.11
5.52  0.14
5.53  0.17
5.55  0.20
5.57  0.23
5.58  0.28
5.60  0.32
5.63  0.37
5.65  0.42
5.67  0.47
5.68  0.55
5.70  0.63
5.72  0.70
5.73  0.78
5.75  0.85
5.77  0.93
5.78  1.00
5.80  1.07
5.82  1.14
5.83  1.21
5.85  1.27
5.87  1.33
5.88  1.38
5.90  1.45
5.92  1.50
5.93  1.57
5.95  1.64
5.97  1.71
5.98  2.12
6.00  2.60
6.02  2.83
6.03  2.92
6.05  3.01
6.07  3.10
6.08  3.17
6.10  3.24
6.12  3.30
6.13  3.35
6.17  3.39
6.18  3.44
6.20  3.48
6.22  3.51
6.23  3.55
6.25  3.58
6.27  3.61
6.28  3.64
6.30  3.66
6.32  3.69
6.33  3.71
6.35  3.73
6.37  3.75
6.38  3.76
6.40  3.78
6.42  3.80
6.43  3.81
6.45  3.83
6.47  3.84
6.48  3.85
6.50  3.87
6.52  3.88
6.53  3.89
6.55  3.90
6.57  3.91
6.58  3.92
6.60  3.93
6.62  3.94
6.63  3.96
6.65  3.90
6.67  3.95
6.68  3.94
6.72  3.97
6.73  3.98
6.75  3.97
6.77  3.80
6.78  3.62
6.80  3.92
6.82  3.80
6.83  4.00
6.85  3.98
6.87  3.97
6.88  4.02
6.90  4.01
6.92  4.02
6.93  4.03
6.95  4.03
6.97  4.04
6.98  4.05
7.00  4.05
7.02  4.03
7.03  4.02
7.05  4.04
7.07  4.00
7.08  3.98
7.10  4.00
7.12  4.06
7.13  4.06
7.15  3.80
7.17  3.81
7.18  3.83
7.20  3.86
7.22  3.84
7.25  3.97
7.27  4.08
7.28  4.09
7.30  4.09
7.32  4.10
7.33  4.11
7.35  4.11
7.37  4.11
7.38  4.10
7.40  4.11
7.42  4.12
7.43  4.12
7.45  4.12
7.47  4.12
7.48  4.12
7.50  4.13
7.52  4.13
7.53  4.13
7.55  4.13
7.57  4.13
7.58  4.14
7.60  4.14
7.62  4.14
7.63  4.14
7.65  4.14
7.67  4.14
7.68  4.14
7.70  4.15
7.72  4.15
7.73  4.15
7.75  4.15
7.78  4.15
7.80  4.15
7.82  4.16
7.83  4.16
7.85  4.16
7.87  4.16
7.88  4.16
7.90  4.16
7.92  4.16
7.93  4.16
7.95  4.16
7.97  4.16
7.98  4.17
8.00  4.17
8.02  4.17
8.03  4.17
8.05  4.17
8.07  4.17
8.08  4.17
8.10  4.17
8.12  4.17
8.13  4.17
8.15  4.17
8.17  4.17
8.18  4.17
8.20  4.17
8.22  4.17
8.23  4.17
8.25  4.17
8.27  4.18
8.28  4.18
8.32  4.18
8.33  4.18
8.35  4.18
8.37  4.18
8.38  4.18
8.40  4.18
8.42  4.18
8.43  4.19
8.45  4.19
8.47  4.19
8.48  4.19
8.50  4.19
8.52  4.19
8.53  4.19
8.55  4.19
8.57  4.19
8.58  4.19
8.60  4.19
8.62  4.19
8.63  4.19
8.65  4.19
8.67  4.19
8.68  4.19
8.70  4.20
8.72  4.20
8.73  4.20
8.75  4.19
8.77  4.19
8.78  4.19
8.80  4.19
8.82  4.20
8.85  4.20
8.87  4.20
8.88  4.20
8.90  4.20
8.92  4.20
8.93  4.20
8.95  4.20
8.97  4.20
8.98  4.20
9.00  4.20
9.02  4.20
9.03  4.20
9.05  4.20
9.07  4.20
9.08  4.20
9.10  4.20
9.12  4.20
9.13  4.20
9.15  4.20
9.17  4.20
9.18  4.20
9.20  4.20
9.22  4.20
9.23  4.20
9.25  4.20
9.27  4.21
9.28  4.20
9.30  4.20
9.32  4.21
9.33  4.20
9.35  4.21
9.38  4.21
9.40  4.21
9.42  4.21
9.43  4.21
9.45  4.21
9.47  4.21
9.48  4.21
9.50  4.20
9.52  4.21
9.53  4.20
9.55  4.21
9.57  4.21
9.58  4.20
9.60  4.21
9.62  4.20
9.63  4.21
9.65  4.21
9.67  4.21
9.68  4.21
9.70  4.21
9.72  4.21
9.73  4.21
9.75  4.21
9.77  4.21
9.78  4.21
9.80  4.21
9.82  4.21
9.83  4.21
9.85  4.20
9.87  4.21
9.88  4.21
9.92  4.21
9.93  4.21
9.95  4.21
9.97  4.21
9.98  4.21
10.00  4.21
10.02  4.21
10.03  4.20
10.05  4.21
10.07  4.20
10.08  4.20
10.10  4.20
10.12  4.20
10.13  4.20
10.15  4.20
10.17  4.20
10.18  4.20
10.20  4.20
10.22  4.20
10.23  4.20
10.25  4.20
10.27  4.20
10.28  4.20
10.30  4.20
10.32  4.20
10.33  4.20
10.35  4.20
10.37  4.19
10.38  4.19
10.40  4.19
10.42  4.20
10.43  4.19
10.47  4.20
10.48  4.19
10.50  4.19
10.52  4.19
10.53  4.19
10.55  4.19
10.57  4.19
10.58  4.14
10.60  3.76
10.62  3.27
10.63  3.24
10.65  3.23
10.67  3.22
10.68  3.21
10.70  3.21
10.72  3.21
10.73  3.20
10.75  3.20
10.77  3.20
10.78  3.20
10.80  3.19
10.82  3.19
10.83  3.18
10.85  3.18
10.87  3.18
10.88  3.18
10.90  3.18
10.92  3.17
10.93  3.17
10.95  3.17
10.97  3.17
11.00  3.17
11.02  3.16
11.03  3.17
11.05  3.17
11.07  3.17
11.08  3.17
11.10  3.16
11.12  3.16
11.13  3.17
11.15  3.17
11.17  3.16
11.18  3.16
11.20  3.16
11.22  3.16
11.23  3.16
11.25  3.15
11.27  3.15
11.28  3.15
11.30  3.14
11.32  3.14
11.33  3.14
11.35  3.14
11.37  3.14
11.38  3.13
11.40  3.13
11.42  3.13
11.43  3.13
11.45  3.13
11.47  3.13
11.48  3.12
11.50  3.12
11.53  3.12
11.55  3.12
11.57  3.11
11.58  3.11
11.60  3.11
11.62  3.11
11.63  3.11
11.65  3.11
11.67  3.10
11.68  3.11
11.70  3.10
11.72  3.10
11.73  3.10
11.75  3.10
11.77  3.10
11.78  3.10
11.80  3.10
11.82  3.10
11.83  3.10
11.85  3.10
11.87  3.10
11.88  3.10
11.90  3.09
11.92  3.08
11.93  3.08
11.95  3.08
11.97  3.07
11.98  3.07
12.00  3.07
12.02  3.07
12.03  3.07
12.07  3.06
12.08  3.06
12.10  3.06
12.12  3.05
12.13  3.05
12.15  3.05
12.17  3.04
12.18  3.04
12.20  3.04
12.22  3.04
12.23  3.03
12.25  3.03
12.27  3.03
12.28  3.03
12.30  3.02
12.32  3.02
12.33  3.02
12.35  3.01
12.37  3.01
12.38  3.01
12.40  3.01
12.42  3.00
12.43  3.00
12.45  3.00
12.47  3.00
12.48  3.00
12.50  2.99
12.52  2.99
12.53  2.99
12.55  2.98
12.57  2.98
12.60  2.98
12.62  2.98
12.63  2.97
12.65  2.97
12.67  2.97
12.68  2.97
12.70  2.96
12.72  2.96
12.73  2.96
12.75  2.96
12.77  2.95
12.78  2.95
12.80  2.95
12.82  2.95
12.83  2.94
12.85  2.94
12.87  2.94
12.88  2.93
12.90  2.93
12.92  2.93
12.93  2.93
12.95  2.92
12.97  2.92
12.98  2.92
13.00  2.92
13.02  2.92
13.03  2.91
13.05  2.91
13.07  2.91
13.08  2.91
13.10  2.91
13.12  2.91
13.15  2.90
13.17  2.90
13.18  2.90
13.20  2.90
13.22  2.89
13.23  2.89
13.25  2.89
13.27  2.89
13.28  2.88
13.30  2.88
13.32  2.88
13.33  2.88
13.35  2.87
13.37  2.87
13.38  2.87
13.40  2.87
13.42  2.87
13.43  2.87
13.45  2.86
13.47  2.86
13.48  2.86
13.50  2.86
13.52  2.86
13.53  2.85
13.55  2.85
13.57  2.85
13.58  2.85
13.60  2.85
13.62  2.84
13.63  2.84
13.65  2.84
13.68  2.84
13.70  2.84
13.72  2.83
13.73  2.83
13.75  2.83
13.77  2.83
13.78  2.83
13.80  2.83
13.82  2.82
13.83  2.82
13.85  2.82
13.87  2.82
13.88  2.81
13.90  2.81
13.92  2.81
13.93  2.81
13.95  2.81
13.97  2.81
13.98  2.80
14.00  2.80
14.02  2.80
14.03  2.80
14.05  2.80
14.07  2.80
14.08  2.80
14.10  2.79
14.12  2.79
14.13  2.79
14.15  2.79
14.17  2.79
14.18  2.79
14.22  2.78
14.23  2.78
14.25  2.78
14.27  2.78
14.28  2.78
14.30  2.78
14.32  2.77
14.33  2.77
14.35  2.77
14.37  2.77
14.38  2.77
14.40  2.77
14.42  2.77
14.43  2.76
14.45  2.76
14.47  2.76
14.48  2.76
14.50  2.76
14.52  2.76
14.53  2.75
14.55  2.75
14.57  2.75
14.58  2.75
14.60  2.75
14.62  2.75
14.63  2.74
14.65  2.74
14.67  2.74
14.68  2.74
14.70  2.74
14.72  2.74
14.75  2.73
14.77  2.73
14.78  2.73
14.80  2.73
14.82  2.73
14.83  2.73
14.85  2.73
14.87  2.73
14.88  2.72
14.90  2.72
14.92  2.72
14.93  2.72
14.95  2.72
14.97  2.72
14.98  2.72
15.00  2.72
15.02  2.71
15.03  2.71
15.05  2.71
15.07  2.71
15.08  2.71
15.10  2.71
15.12  2.71
15.13  2.71
15.15  2.71
15.17  2.70
15.18  2.70
15.20  2.70
15.22  2.70
15.23  2.70
15.25  2.70
15.28  2.70
15.30  2.69
15.32  2.69
15.33  2.69
15.35  2.69
15.37  2.69
15.38  2.69
15.40  2.69
15.42  2.68
15.43  2.68
15.45  2.68
15.47  2.68
15.48  2.68
15.50  2.68
15.52  2.68
15.53  2.67
15.55  2.67
15.57  2.67
15.58  2.67
15.60  2.67
15.62  2.67
15.63  2.66
15.65  2.66
15.67  2.66
15.68  2.66
15.70  2.66
15.72  2.66
15.73  2.66
15.75  2.65
15.77  2.65
15.78  2.65
15.80  2.65
15.83  2.65
15.85  2.65
15.87  2.64
15.88  2.64
15.90  2.64
15.92  2.64
15.93  2.64
15.95  2.63
15.97  2.63
15.98  2.63
16.00  2.63
16.02  2.63
16.03  2.62
16.05  2.62
16.07  2.62
16.08  2.62
16.10  2.62
16.12  2.61
16.13  2.61
16.15  2.61
16.17  2.61
16.18  2.61
16.20  2.61
16.22  2.61
16.23  2.61
16.25  2.60
16.27  2.60
16.28  2.60
16.30  2.59
16.32  2.59
16.33  2.59
16.37  2.58
16.38  2.58
16.40  2.58
16.42  2.58
16.43  2.57
16.45  2.57
16.47  2.57
16.48  2.56
16.50  2.56
16.52  2.56
16.53  2.56
16.55  2.55
16.57  2.55
16.58  2.55
16.60  2.55
16.62  2.54
16.63  2.54
16.65  2.53
16.67  2.53
16.68  2.52
16.70  2.52
16.72  2.52
16.73  2.51
16.75  2.51
16.77  2.50
16.78  2.50
16.80  2.50
16.82  2.50
16.83  2.49
16.85  2.49
16.87  2.49
16.90  2.48
16.92  2.48
16.93  2.47
16.95  2.47
16.97  2.46
16.98  2.46
17.00  2.45
17.02  2.45
17.03  2.44
17.05  2.44
17.07  2.43
17.08  2.43
17.10  2.43
17.12  2.42
17.13  2.42
17.15  2.41
17.17  2.41
17.18  2.40
17.20  2.39
17.22  2.39
17.23  2.38
17.25  2.38
17.27  2.37
17.28  2.36
17.30  2.35
17.32  2.35
17.33  2.34
17.35  2.33
17.37  2.32
17.38  2.31
17.40  2.31
17.43  2.30
17.45  2.29
17.47  2.28
17.48  2.27
17.50  2.26
17.52  2.25
17.53  2.24
17.55  2.23
17.57  2.22
17.58  2.20
17.60  2.19
17.62  2.18
17.63  2.16
17.65  2.15
17.67  2.13
17.68  2.11
17.70  2.09
17.72  2.08
17.73  2.06
17.75  2.04
17.77  2.02
17.78  2.00
17.80  1.98
17.82  1.96
17.83  1.93
17.85  1.91
17.87  1.88
17.88  1.86
17.90  1.83
17.92  1.80
17.93  1.77
17.97  1.74
17.98  1.71
18.00  1.67
18.02  1.64
18.03  1.60
18.05  1.56
18.07  1.52
18.08  1.47
18.10  1.43
18.12  1.38
18.13  1.33
18.15  1.27
18.17  1.22
18.18  1.16
18.20  1.10
18.22  1.04
18.23  0.97
18.25  0.91
18.27  0.84
18.28  0.78
18.30  0.71
18.32  0.64
18.33  0.58
18.35  0.52
18.37  0.46
18.38  0.41
18.40  0.36
18.42  0.31
18.43  0.26
18.45  0.22
18.47  0.19
18.48  0.16
18.52  0.13
18.53  0.10
18.55  0.08
18.57  0.06
18.58  0.05
18.60  0.03
18.62  0.02
18.63  0.02
18.65  0.01
18.67  0.00
18.68  0.00
18.70  0.00
18.72  0.00
18.73  0.00
18.75  0.00
18.77  0.00
18.78  0.00
18.80  0.00
18.82  0.00
18.83  0.00
18.85  0.00
18.87  0.00
18.88  0.00
18.90  0.00
18.92  0.00
18.93  0.00
18.95  0.00
18.97  0.00
18.98  0.00
19.00  0.00
19.02  0.00
19.05  0.00
19.07  0.00
19.08  0.00
19.10  0.00
19.12  0.00
19.13  0.00
19.15  0.00
19.17  0.00
19.18  0.00
19.20  0.00
19.22  0.00
19.23  0.00
19.25  0.00
19.27  0.00
19.28  0.00
19.30  0.00
19.32  0.00
19.33  0.00
19.35  0.00
19.37  0.00
19.38  0.00
19.40  0.00
19.42  0.00
19.43  0.00
19.45  0.00
19.47  0.00
19.48  0.00
19.50  0.00
19.52  0.00
19.53  0.00
19.55  0.00
19.58  0.00
19.60  0.00
19.62  0.00
19.63  0.00
19.65  0.00
19.67  0.00
19.68  0.00
19.70  0.00
19.72  0.00
19.73  0.00
19.75  0.00
19.77  0.00
19.78  0.00
19.80  0.00
19.82  0.00
19.83  0.00
19.85  0.00
19.87  0.00
19.88  0.00
19.90  0.00
19.92  0.00
19.93  0.00
19.95  0.00
19.97  0.00
19.98  0.00
20.00  0.00
20.02  0.00
20.03  0.00
20.05  0.00
20.07  0.00
20.08  0.00
20.12  0.00
20.13  0.00
20.15  0.00
20.17  0.00
20.18  0.00
20.20  0.00
20.22  0.00
20.23  0.00
20.25  0.00
20.27  0.00
20.28  0.00
20.30  0.00
20.32  0.00
20.33  0.00
20.35  0.00
20.37  0.00
20.38  0.00
20.40  0.00
20.42  0.00
20.43  0.00
20.45  0.00
20.47  0.00
20.48  0.00
20.50  0.00
20.52  0.00
20.53  0.00
20.55  0.00
20.57  0.00
20.58  0.00
20.60  0.00
20.62  0.00
20.63  0.00
20.67  0.00
20.68  0.00
20.70  0.00
20.72  0.00
20.73  0.00
20.75  0.00
20.77  0.00
20.78  0.00
20.80  0.00
20.82  0.00
20.83  0.00
20.85  0.00
20.87  0.00
20.88  0.00
20.90  0.00
20.92  0.00
20.93  0.00
20.95  0.00
20.97  0.00
20.98  0.00
21.00  0.00
21.02  0.00
21.03  0.00
21.05  0.00
21.07  0.00
21.08  0.00
21.10  0.00
21.12  0.00
21.13  0.00
21.15  0.00
21.17  0.00
21.20  0.00
21.22  0.00
21.23  0.00
21.25  0.00
21.27  0.00
21.28  0.00
21.30  0.00
21.32  0.00
21.33  0.00
21.35  0.00
21.37  0.00
21.38  0.00
21.40  0.00
21.42  0.00
21.43  0.00
21.45  0.00
21.47  0.00
21.48  0.00
21.50  0.00
21.52  0.00
21.53  0.00
21.55  0.00
21.57  0.00
21.58  0.00
21.60  0.00
21.62  0.00
21.63  0.00
21.65  0.00
21.67  0.00
21.68  0.00
21.70  0.00
21.73  0.00
21.75  0.00
21.77  0.00
21.78  0.00
21.80  0.00
21.82  0.00
21.83  0.00
21.85  0.00
21.87  0.00
21.88  0.00
21.90  0.00
21.92  0.00
21.93  0.00
21.95  0.00
21.97  0.00
21.98  0.00
22.00  0.00
22.02  0.00
22.03  0.00
22.05  0.00
22.07  0.00
22.08  0.00
22.10  0.00
22.12  0.00
22.13  0.00
22.15  0.00
22.17  0.00
22.18  0.00
22.20  0.00
22.22  0.00
22.23  0.00
22.27  0.00
22.28  0.00
22.30  0.00
22.32  0.00
22.33  0.00
22.35  0.00
22.37  0.00
22.38  0.00
22.40  0.00
22.42  0.00
22.43  0.00
22.45  0.00
22.47  0.00
22.48  0.00
22.50  0.00
22.52  0.00
22.53  0.00
22.55  0.00
22.57  0.00
22.58  0.00
22.60  0.00
22.62  0.00
22.63  0.00
22.65  0.00
22.67  0.00
22.68  0.00
22.70  0.00
22.72  0.00
22.73  0.00
22.75  0.00
22.77  0.00
22.78  0.00
22.82  0.00
22.83  0.00
22.85  0.00
22.87  0.00
22.88  0.00
22.90  0.00
22.92  0.00
22.93  0.00
22.95  0.00
22.97  0.00
22.98  0.00
23.00  0.00
23.02  0.00
23.03  0.00
23.05  0.00
23.07  0.00
23.08  0.00
23.10  0.00
23.12  0.00
23.13  0.00
23.15  0.00
23.17  0.00
23.18  0.00
23.20  0.00
23.22  0.00
23.23  0.00
23.25  0.00
23.27  0.00
23.28  0.00
23.30  0.00
23.32  0.00
23.35  0.00
23.37  0.00
23.38  0.00
23.40  0.00
23.42  0.00
23.43  0.00
23.45  0.00
23.47  0.00
23.48  0.00
23.50  0.00
23.52  0.00
23.53  0.00
23.55  0.00
23.57  0.00
23.58  0.00
23.60  0.00
23.62  0.00
23.63  0.00
23.65  0.00
23.67  0.00
23.68  0.00
23.70  0.00
23.72  0.00
23.73  0.00
23.75  0.00
23.77  0.00
23.78  0.00
23.80  0.00
23.82  0.00
23.83  0.00
23.85  0.00
23.88  0.00
23.90  0.00
23.92  0.00
23.93  0.00
23.95  0.00
23.97  0.00
23.98  0.00
