genericdec
-3.60   40.15
18   5   2015
0.00  0.00
0.00  0.00
0.02  0.00
0.03  0.00
0.05  0.00
0.07  0.00
0.08  0.00
0.10  0.00
0.12  0.00
0.13  0.00
0.15  0.00
0.17  0.00
0.18  0.00
0.20  0.00
0.22  0.00
0.23  0.00
0.25  0.00
0.27  0.00
0.28  0.00
0.30  0.00
0.32  0.00
0.33  0.00
0.35  0.00
0.37  0.00
0.38  0.00
0.40  0.00
0.42  0.00
0.43  0.00
0.45  0.00
0.47  0.00
0.48  0.00
0.50  0.00
0.52  0.00
0.53  0.00
0.55  0.00
0.57  0.00
0.58  0.00
0.60  0.00
0.62  0.00
0.63  0.00
0.65  0.00
0.67  0.00
0.68  0.00
0.70  0.00
0.72  0.00
0.73  0.00
0.75  0.00
0.77  0.00
0.78  0.00
0.80  0.00
0.82  0.00
0.83  0.00
0.85  0.00
0.87  0.00
0.88  0.00
0.90  0.00
0.92  0.00
0.93  0.00
0.95  0.00
0.97  0.00
0.98  0.00
1.00  0.00
1.02  0.00
1.03  0.00
1.05  0.00
1.07  0.00
1.08  0.00
1.10  0.00
1.12  0.00
1.13  0.00
1.15  0.00
1.17  0.00
1.18  0.00
1.20  0.00
1.22  0.00
1.23  0.00
1.25  0.00
1.27  0.00
1.28  0.00
1.30  0.00
1.32  0.00
1.33  0.00
1.35  0.00
1.37  0.00
1.38  0.00
1.40  0.00
1.42  0.00
1.43  0.00
1.45  0.00
1.47  0.00
1.48  0.00
1.50  0.00
1.52  0.00
1.53  0.00
1.55  0.00
1.57  0.00
1.58  0.00
1.60  0.00
1.62  0.00
1.63  0.00
1.65  0.00
1.67  0.00
1.68  0.00
1.70  0.00
1.72  0.00
1.73  0.00
1.75  0.00
1.77  0.00
1.78  0.00
1.80  0.00
1.82  0.00
1.83  0.00
1.85  0.00
1.87  0.00
1.88  0.00
1.90  0.00
1.92  0.00
1.93  0.00
1.95  0.00
1.97  0.00
1.98  0.00
2.00  0.00
2.02  0.00
2.03  0.00
2.05  0.00
2.07  0.00
2.08  0.00
2.10  0.00
2.12  0.00
2.13  0.00
2.15  0.00
2.17  0.00
2.18  0.00
2.20  0.00
2.20  0.00
2.22  0.00
2.23  0.00
2.25  0.00
2.27  0.00
2.28  0.00
2.30  0.00
2.32  0.00
2.33  0.00
2.35  0.00
2.37  0.00
2.38  0.00
2.40  0.00
2.42  0.00
2.43  0.00
2.45  0.00
2.47  0.00
2.48  0.00
2.50  0.00
2.52  0.00
2.53  0.00
2.55  0.00
2.57  0.00
2.58  0.00
2.60  0.00
2.62  0.00
2.63  0.00
2.65  0.00
2.67  0.00
2.68  0.00
2.70  0.00
2.72  0.00
2.73  0.00
2.75  0.00
2.77  0.00
2.78  0.00
2.80  0.00
2.82  0.00
2.83  0.00
2.85  0.00
2.87  0.00
2.88  0.00
2.90  0.00
2.92  0.00
2.93  0.00
2.95  0.00
2.97  0.00
2.98  0.00
3.00  0.00
3.02  0.00
3.03  0.00
3.05  0.00
3.07  0.00
3.08  0.00
3.10  0.00
3.12  0.00
3.13  0.00
3.15  0.00
3.17  0.00
3.18  0.00
3.20  0.00
3.22  0.00
3.23  0.00
3.25  0.00
3.27  0.00
3.28  0.00
3.30  0.00
3.32  0.00
3.33  0.00
3.35  0.00
3.37  0.00
3.38  0.00
3.40  0.00
3.42  0.00
3.43  0.00
3.45  0.00
3.47  0.00
3.48  0.00
3.50  0.00
3.52  0.00
3.53  0.00
3.55  0.00
3.57  0.00
3.58  0.00
3.60  0.00
3.62  0.00
3.63  0.00
3.65  0.00
3.67  0.00
3.68  0.00
3.70  0.00
3.72  0.00
3.73  0.00
3.75  0.00
3.77  0.00
3.78  0.00
3.80  0.00
3.82  0.00
3.83  0.00
3.85  0.00
3.87  0.00
3.88  0.00
3.90  0.00
3.92  0.00
3.93  0.00
3.95  0.00
3.97  0.00
3.98  0.00
4.00  0.00
4.02  0.00
4.03  0.00
4.05  0.00
4.07  0.00
4.08  0.00
4.10  0.00
4.12  0.00
4.13  0.00
4.15  0.00
4.17  0.00
4.18  0.00
4.20  0.00
4.22  0.00
4.23  0.00
4.25  0.00
4.27  0.01
4.28  0.01
4.30  0.01
4.32  0.02
4.33  0.02
4.35  0.03
4.37  0.04
4.38  0.05
4.40  0.06
4.42  0.07
4.43  0.08
4.45  0.09
4.47  0.11
4.48  0.13
4.50  0.15
4.52  0.17
4.53  0.20
4.55  0.23
4.57  0.26
4.58  0.29
4.60  0.33
4.62  0.36
4.63  0.40
4.65  0.44
4.67  0.49
4.68  0.53
4.70  0.58
4.72  0.63
4.73  0.68
4.75  0.72
4.77  0.78
4.78  0.83
4.80  0.88
4.82  0.94
4.83  0.99
4.85  1.04
4.87  1.10
4.88  1.16
4.90  1.21
4.92  1.27
4.93  1.33
4.95  1.48
4.97  1.64
4.98  1.76
5.00  1.84
5.02  1.93
5.03  2.01
5.05  2.09
5.07  2.14
5.08  2.14
5.10  2.17
5.12  2.30
5.13  2.43
5.15  2.50
5.17  2.55
5.18  2.60
5.20  2.66
5.22  2.70
5.23  2.74
5.25  2.78
5.27  2.83
5.28  2.87
5.30  2.90
5.32  2.93
5.33  2.97
5.35  3.00
5.37  3.04
5.38  3.07
5.40  3.10
5.42  3.13
5.43  3.15
5.45  3.17
5.47  3.20
5.48  3.22
5.50  3.24
5.52  3.26
5.53  3.28
5.55  3.31
5.57  3.33
5.58  3.33
5.60  3.36
5.62  3.38
5.63  3.39
5.65  3.41
5.67  3.42
5.68  3.43
5.70  3.45
5.72  3.46
5.73  3.48
5.75  3.49
5.77  3.50
5.78  3.52
5.80  3.53
5.82  3.54
5.83  3.55
5.85  3.56
5.87  3.58
5.88  3.58
5.90  3.60
5.92  3.61
5.93  3.62
5.95  3.63
5.97  3.63
5.98  3.64
6.00  3.65
6.02  3.67
6.03  3.67
6.05  3.68
6.07  3.69
6.08  3.70
6.10  3.71
6.12  3.72
6.13  3.72
6.15  3.73
6.17  3.74
6.18  3.75
6.20  3.75
6.22  3.76
6.23  3.77
6.25  3.77
6.27  3.78
6.28  3.78
6.30  3.79
6.32  3.80
6.33  3.81
6.35  3.82
6.37  3.82
6.38  3.83
6.40  3.83
6.42  3.84
6.43  3.84
6.45  3.85
6.47  3.85
6.48  3.86
6.50  3.86
6.52  3.87
6.53  3.88
6.55  3.88
6.57  3.88
6.58  3.89
6.60  3.90
6.62  3.90
6.63  3.90
6.65  3.91
6.67  3.91
6.68  3.91
6.70  3.92
6.72  3.92
6.73  3.93
6.75  3.93
6.77  3.94
6.78  3.94
6.80  3.95
6.82  3.95
6.83  3.96
6.85  3.96
6.87  3.96
6.88  3.96
6.90  3.96
6.92  3.97
6.93  3.97
6.95  3.98
6.97  3.98
6.98  3.98
7.00  3.99
7.02  3.99
7.03  3.99
7.05  4.00
7.07  4.00
7.08  4.00
7.10  4.01
7.12  4.01
7.13  4.01
7.15  4.02
7.17  4.02
7.18  4.02
7.20  4.02
7.22  4.03
7.23  4.03
7.25  4.03
7.27  4.04
7.28  4.04
7.30  4.04
7.32  4.04
7.33  4.04
7.35  4.05
7.37  4.05
7.38  4.05
7.40  4.05
7.42  4.06
7.43  4.06
7.45  4.06
7.47  4.06
7.48  4.07
7.50  4.07
7.52  4.07
7.53  4.08
7.55  4.08
7.57  4.08
7.58  4.08
7.60  4.08
7.62  4.08
7.63  4.09
7.65  4.09
7.67  4.09
7.68  4.09
7.70  4.09
7.72  4.10
7.73  4.10
7.75  4.10
7.77  4.10
7.78  4.11
7.80  4.11
7.82  4.11
7.83  4.11
7.85  4.11
7.87  4.12
7.88  4.11
7.90  4.11
7.92  4.12
7.93  4.11
7.95  4.12
7.97  4.12
7.98  4.13
8.00  4.13
8.02  4.13
8.03  4.13
8.05  4.13
8.07  4.14
8.08  4.14
8.10  4.14
8.12  4.14
8.13  4.14
8.15  4.14
8.17  4.14
8.18  4.14
8.20  4.15
8.22  4.15
8.23  4.15
8.25  4.15
8.27  4.15
8.28  4.15
8.30  4.16
8.32  4.16
8.33  4.16
8.35  4.16
8.37  4.16
8.38  4.16
8.40  4.17
8.42  4.17
8.43  4.17
8.45  4.17
8.47  4.17
8.48  4.17
8.50  4.17
8.52  4.17
8.53  4.17
8.55  4.17
8.57  4.18
8.58  4.18
8.60  4.17
8.62  4.17
8.63  4.18
8.65  4.18
8.67  4.19
8.68  4.19
8.70  4.19
8.72  4.19
8.73  4.19
8.75  4.19
8.77  4.19
8.78  4.19
8.80  4.19
8.82  4.19
8.83  4.20
8.85  4.19
8.87  4.19
8.88  4.20
8.90  4.20
8.92  4.20
8.93  4.20
8.95  4.20
8.97  4.20
8.98  4.20
9.00  4.21
9.02  4.21
9.03  4.21
9.05  4.21
9.07  4.20
9.08  4.21
9.10  4.21
9.12  4.21
9.13  4.22
9.15  4.21
9.17  4.21
9.18  4.22
9.20  4.22
9.22  4.21
9.23  4.22
9.25  4.22
9.27  4.22
9.28  4.22
9.30  4.22
9.32  4.22
9.33  4.22
9.35  4.22
9.37  4.22
9.38  4.22
9.40  4.23
9.42  4.23
9.43  4.23
9.45  4.23
9.47  4.23
9.48  4.23
9.50  4.23
9.52  4.23
9.53  4.23
9.55  4.23
9.57  4.23
9.58  4.24
9.60  4.24
9.62  4.24
9.63  4.24
9.65  4.24
9.67  4.24
9.68  4.24
9.70  4.24
9.72  4.24
9.73  4.24
9.75  4.24
9.77  4.25
9.78  4.24
9.80  4.24
9.82  4.24
9.83  4.25
9.85  4.24
9.87  4.25
9.88  4.25
9.90  4.25
9.92  4.25
9.93  4.25
9.95  4.25
9.97  4.25
9.98  4.25
10.00  4.25
10.02  4.25
10.03  4.26
10.05  4.26
10.07  4.25
10.08  4.26
10.10  4.26
10.12  4.26
10.13  4.26
10.15  4.26
10.17  4.26
10.18  4.26
10.20  4.26
10.22  4.26
10.23  4.26
10.25  4.26
10.27  4.26
10.28  4.26
10.30  4.26
10.32  4.26
10.33  4.26
10.35  4.26
10.37  4.26
10.38  4.26
10.40  4.26
10.42  4.26
10.43  4.26
10.45  4.26
10.47  4.26
10.48  4.26
10.50  4.26
10.52  4.26
10.53  4.27
10.55  4.27
10.57  4.27
10.58  4.27
10.60  4.27
10.62  4.26
10.63  4.26
10.65  4.27
10.67  4.27
10.68  4.27
10.70  4.27
10.72  4.26
10.73  4.26
10.75  4.27
10.77  4.27
10.78  4.27
10.80  4.27
10.82  4.27
10.83  4.27
10.85  4.27
10.87  4.27
10.88  4.27
10.90  4.27
10.92  4.27
10.93  4.27
10.95  4.27
10.97  4.27
10.98  4.27
11.00  4.27
11.02  4.27
11.03  4.27
11.05  4.27
11.07  4.27
11.08  4.27
11.10  4.27
11.12  4.27
11.13  4.27
11.15  4.27
11.17  4.27
11.18  4.27
11.20  4.27
11.22  4.27
11.23  4.27
11.25  4.27
11.27  4.27
11.28  4.27
11.30  4.27
11.32  4.27
11.33  4.27
11.35  4.27
11.37  4.27
11.38  4.27
11.40  4.27
11.42  4.27
11.43  4.20
11.45  3.77
11.47  3.12
11.48  3.07
11.50  3.03
11.52  3.01
11.53  3.00
11.55  2.98
11.57  2.97
11.58  2.96
11.60  2.95
11.62  2.95
11.63  2.94
11.65  2.94
11.67  2.94
11.68  2.93
11.70  2.93
11.72  2.93
11.73  2.92
11.75  2.92
11.77  2.92
11.78  2.92
11.80  2.92
11.82  2.91
11.83  2.91
11.85  2.91
11.87  2.91
11.88  2.90
11.90  2.90
11.92  2.90
11.93  2.90
11.95  2.90
11.97  2.90
11.98  2.89
12.00  2.89
12.02  2.89
12.03  2.89
12.05  2.89
12.07  2.89
12.08  2.89
12.10  2.88
12.12  2.88
12.13  2.88
12.15  2.87
12.17  2.87
12.18  2.87
12.20  2.87
12.22  2.87
12.23  2.86
12.25  2.86
12.27  2.86
12.28  2.85
12.30  2.85
12.32  2.85
12.33  2.85
12.35  2.85
12.37  2.85
12.38  2.84
12.40  2.84
12.42  2.84
12.43  2.84
12.45  2.84
12.47  2.83
12.48  2.83
12.50  2.83
12.52  2.83
12.53  2.83
12.55  2.83
12.57  2.82
12.58  2.82
12.60  2.82
12.62  2.82
12.63  2.81
12.65  2.81
12.67  2.81
12.68  2.81
12.70  2.81
12.72  2.81
12.73  2.81
12.75  2.80
12.77  2.80
12.78  2.80
12.80  2.80
12.82  2.80
12.83  2.80
12.85  2.80
12.87  2.80
12.88  2.79
12.90  2.79
12.92  2.79
12.93  2.79
12.95  2.78
12.97  2.78
12.98  2.78
13.00  2.78
13.02  2.78
13.03  2.78
13.05  2.78
13.07  2.78
13.08  2.78
13.10  2.77
13.12  2.77
13.13  2.76
13.15  2.76
13.17  2.76
13.18  2.76
13.20  2.76
13.22  2.76
13.23  2.75
13.25  2.75
13.27  2.75
13.28  2.75
13.30  2.75
13.32  2.75
13.33  2.74
13.35  2.74
13.37  2.74
13.38  2.74
13.40  2.74
13.42  2.73
13.43  2.73
13.45  2.73
13.47  2.73
13.48  2.73
13.50  2.73
13.52  2.73
13.53  2.73
13.55  2.73
13.57  2.73
13.58  2.73
13.60  2.73
13.62  2.73
13.63  2.73
13.65  2.73
13.67  2.73
13.68  2.73
13.70  2.73
13.72  2.73
13.73  2.73
13.75  2.73
13.77  2.72
13.78  2.72
13.80  2.72
13.82  2.72
13.83  2.72
13.85  2.72
13.87  2.72
13.88  2.72
13.90  2.72
13.92  2.72
13.93  2.71
13.95  2.71
13.97  2.71
13.98  2.72
14.00  2.72
14.02  2.72
14.03  2.72
14.05  2.73
14.07  2.73
14.08  2.74
14.10  2.75
14.12  2.75
14.13  2.76
14.15  2.76
14.17  2.76
14.18  2.76
14.20  2.76
14.22  2.75
14.23  2.75
14.25  2.74
14.27  2.74
14.28  2.74
14.30  2.73
14.32  2.72
14.33  2.72
14.35  2.72
14.37  2.71
14.38  2.71
14.40  2.71
14.42  2.71
14.43  2.71
14.45  2.71
14.47  2.71
14.48  2.71
14.50  2.70
14.52  2.70
14.53  2.70
14.55  2.71
14.57  2.71
14.58  2.71
14.60  2.71
14.62  2.71
14.63  2.71
14.65  2.71
14.67  2.72
14.68  2.72
14.70  2.72
14.72  2.72
14.73  2.72
14.75  2.73
14.77  2.73
14.78  2.73
14.80  2.73
14.82  2.74
14.83  2.74
14.85  2.74
14.87  2.74
14.88  2.74
14.90  2.74
14.92  2.74
14.93  2.74
14.95  2.74
14.97  2.74
14.98  2.74
15.00  2.74
15.02  2.74
15.03  2.74
15.05  2.74
15.07  2.74
15.08  2.74
15.10  2.74
15.12  2.74
15.13  2.74
15.15  2.74
15.17  2.74
15.18  2.74
15.20  2.75
15.22  2.75
15.23  2.75
15.25  2.75
15.27  2.75
15.28  2.75
15.30  2.75
15.32  2.75
15.33  2.75
15.35  2.75
15.37  2.75
15.38  2.75
15.40  2.74
15.42  2.75
15.43  2.75
15.45  2.75
15.47  2.75
15.48  2.75
15.50  2.75
15.52  2.75
15.53  2.75
15.55  2.75
15.57  2.75
15.58  2.75
15.60  2.74
15.62  2.74
15.63  2.74
15.65  2.74
15.67  2.74
15.68  2.74
15.70  2.73
15.72  2.73
15.73  2.73
15.75  2.72
15.77  2.72
15.78  2.72
15.80  2.72
15.82  2.71
15.83  2.71
15.85  2.71
15.87  2.70
15.88  2.71
15.90  2.71
15.92  2.71
15.93  2.70
15.95  2.70
15.97  2.70
15.98  2.70
16.00  2.70
16.02  2.70
16.03  2.70
16.05  2.70
16.07  2.70
16.08  2.70
16.10  2.69
16.12  2.70
16.13  2.70
16.15  2.70
16.17  2.70
16.18  2.70
16.20  2.70
16.22  2.71
16.23  2.71
16.25  2.70
16.27  2.70
16.28  2.70
16.30  2.70
16.32  2.71
16.33  2.71
16.35  2.70
16.37  2.71
16.38  2.70
16.40  2.70
16.42  2.71
16.43  2.71
16.45  2.71
16.47  2.71
16.48  2.71
16.50  2.71
16.52  2.71
16.53  2.71
16.55  2.72
16.57  2.72
16.58  2.72
16.60  2.71
16.62  2.71
16.62  2.71
16.63  2.71
16.65  2.70
16.67  2.70
16.68  2.70
16.70  2.70
16.72  2.69
16.73  2.69
16.75  2.68
16.77  2.67
16.78  2.65
16.80  2.65
16.82  2.64
16.83  2.63
16.85  2.62
16.87  2.62
16.88  2.62
16.90  2.61
16.92  2.61
16.93  2.61
16.95  2.61
16.97  2.61
16.98  2.61
17.00  2.61
17.02  2.60
17.03  2.59
17.05  2.58
17.07  2.58
17.08  2.58
17.10  2.58
17.12  2.58
17.13  2.58
17.15  2.58
17.17  2.58
17.18  2.58
17.20  2.58
17.22  2.58
17.23  2.57
17.25  2.57
17.27  2.58
17.28  2.58
17.30  2.57
17.32  2.58
17.33  2.58
17.35  2.58
17.37  2.58
17.38  2.58
17.40  2.57
17.42  2.57
17.43  2.57
17.45  2.58
17.47  2.58
17.48  2.58
17.50  2.59
17.52  2.60
17.53  2.60
17.55  2.61
17.57  2.61
17.58  2.61
17.60  2.61
17.62  2.61
17.63  2.61
17.65  2.59
17.67  2.58
17.68  2.57
17.70  2.57
17.72  2.57
17.73  2.56
17.75  2.56
17.77  2.56
17.78  2.55
17.80  2.55
17.82  2.54
17.83  2.54
17.85  2.53
17.87  2.53
17.88  2.52
17.90  2.52
17.92  2.51
17.93  2.51
17.95  2.50
17.97  2.49
17.98  2.48
18.00  2.47
18.02  2.46
18.03  2.46
18.05  2.45
18.07  2.44
18.08  2.43
18.10  2.42
18.12  2.41
18.13  2.40
18.15  2.38
18.17  2.36
18.18  2.35
18.20  2.33
18.22  2.31
18.23  2.29
18.25  2.28
18.27  2.26
18.28  2.25
18.30  2.23
18.32  2.20
18.33  2.18
18.35  2.16
18.37  2.15
18.38  2.13
18.40  2.12
18.42  2.10
18.43  2.08
18.45  2.06
18.47  2.04
18.48  2.01
18.50  1.99
18.52  1.97
18.53  1.95
18.55  1.92
18.57  1.90
18.58  1.87
18.60  1.85
18.62  1.82
18.63  1.80
18.65  1.78
18.67  1.76
18.68  1.73
18.70  1.71
18.72  1.68
18.73  1.66
18.75  1.64
18.77  1.62
18.78  1.60
18.80  1.58
18.82  1.55
18.83  1.53
18.85  1.51
18.87  1.48
18.88  1.45
18.90  1.43
18.92  1.40
18.93  1.37
18.95  1.33
18.97  1.30
18.98  1.27
19.00  1.23
19.02  1.19
19.03  1.16
19.05  1.12
19.07  1.08
19.08  1.04
19.10  1.01
19.12  0.97
19.13  0.93
19.15  0.89
19.17  0.85
19.18  0.82
19.20  0.78
19.22  0.74
19.23  0.70
19.25  0.66
19.27  0.62
19.28  0.58
19.30  0.55
19.32  0.51
19.33  0.48
19.35  0.44
19.37  0.41
19.38  0.38
19.40  0.35
19.42  0.33
19.43  0.30
19.45  0.27
19.47  0.24
19.48  0.21
19.50  0.19
19.52  0.16
19.53  0.14
19.55  0.12
19.57  0.10
19.58  0.08
19.60  0.07
19.62  0.06
19.63  0.05
19.65  0.04
19.67  0.03
19.68  0.02
19.70  0.02
19.72  0.01
19.73  0.01
19.75  0.00
19.77  0.00
19.78  0.00
19.80  0.00
19.82  0.00
19.83  0.00
19.85  0.00
19.87  0.00
19.88  0.00
19.90  0.00
19.92  0.00
19.93  0.00
19.95  0.00
19.97  0.00
19.98  0.00
20.00  0.00
20.02  0.00
20.03  0.00
20.05  0.00
20.07  0.00
20.08  0.00
20.10  0.00
20.12  0.00
20.13  0.00
20.15  0.00
20.17  0.00
20.18  0.00
20.20  0.00
20.22  0.00
20.23  0.00
20.25  0.00
20.27  0.00
20.28  0.00
20.30  0.00
20.32  0.00
20.33  0.00
20.35  0.00
20.37  0.00
20.38  0.00
20.40  0.00
20.42  0.00
20.43  0.00
20.45  0.00
20.47  0.00
20.48  0.00
20.50  0.00
20.52  0.00
20.53  0.00
20.55  0.00
20.57  0.00
20.58  0.00
20.60  0.00
20.62  0.00
20.63  0.00
20.65  0.00
20.67  0.00
20.68  0.00
20.70  0.00
20.72  0.00
20.73  0.00
20.75  0.00
20.77  0.00
20.78  0.00
20.80  0.00
20.82  0.00
20.83  0.00
20.85  0.00
20.87  0.00
20.88  0.00
20.90  0.00
20.92  0.00
20.93  0.00
20.95  0.00
20.97  0.00
20.98  0.00
21.00  0.00
21.02  0.00
21.03  0.00
21.05  0.00
21.07  0.00
21.08  0.00
21.10  0.00
21.12  0.00
21.13  0.00
21.15  0.00
21.17  0.00
21.18  0.00
21.20  0.00
21.22  0.00
21.23  0.00
21.25  0.00
21.27  0.00
21.28  0.00
21.30  0.00
21.32  0.00
21.33  0.00
21.35  0.00
21.37  0.00
21.38  0.00
21.40  0.00
21.42  0.00
21.43  0.00
21.45  0.00
21.47  0.00
21.48  0.00
21.50  0.00
21.52  0.00
21.53  0.00
21.55  0.00
21.57  0.00
21.58  0.00
21.60  0.00
21.62  0.00
21.63  0.00
21.65  0.00
21.67  0.00
21.68  0.00
21.70  0.00
21.72  0.00
21.73  0.00
21.75  0.00
21.77  0.00
21.78  0.00
21.80  0.00
21.82  0.00
21.83  0.00
21.85  0.00
21.87  0.00
21.88  0.00
21.90  0.00
21.92  0.00
21.93  0.00
21.95  0.00
21.97  0.00
21.98  0.00
22.00  0.00
22.02  0.00
22.03  0.00
22.05  0.00
22.07  0.00
22.08  0.00
22.10  0.00
22.12  0.00
22.13  0.00
22.15  0.00
22.17  0.00
22.18  0.00
22.20  0.00
22.22  0.00
22.23  0.00
22.25  0.00
22.27  0.00
22.28  0.00
22.30  0.00
22.32  0.00
22.33  0.00
22.35  0.00
22.37  0.00
22.38  0.00
22.40  0.00
22.42  0.00
22.43  0.00
22.45  0.00
22.47  0.00
22.48  0.00
22.50  0.00
22.52  0.00
22.53  0.00
22.55  0.00
22.57  0.00
22.58  0.00
22.60  0.00
22.62  0.00
22.63  0.00
22.65  0.00
22.67  0.00
22.68  0.00
22.70  0.00
22.72  0.00
22.73  0.00
22.75  0.00
22.77  0.00
22.78  0.00
22.80  0.00
22.82  0.00
22.83  0.00
22.85  0.00
22.87  0.00
22.88  0.00
22.90  0.00
22.92  0.00
22.93  0.00
22.95  0.00
22.97  0.00
22.98  0.00
23.00  0.00
23.02  0.00
23.03  0.00
23.05  0.00
23.07  0.00
23.08  0.00
23.10  0.00
23.12  0.00
23.13  0.00
23.15  0.00
23.17  0.00
23.18  0.00
23.20  0.00
23.22  0.00
23.23  0.00
23.25  0.00
23.27  0.00
23.28  0.00
23.30  0.00
23.32  0.00
23.33  0.00
23.35  0.00
23.37  0.00
23.38  0.00
23.40  0.00
23.42  0.00
23.43  0.00
23.45  0.00
23.47  0.00
23.48  0.00
23.50  0.00
23.52  0.00
23.53  0.00
23.55  0.00
23.57  0.00
23.58  0.00
23.60  0.00
23.62  0.00
23.63  0.00
23.65  0.00
23.67  0.00
23.68  0.00
23.70  0.00
23.72  0.00
23.73  0.00
23.75  0.00
23.77  0.00
23.78  0.00
23.80  0.00
23.82  0.00
23.83  0.00
23.85  0.00
23.87  0.00
23.88  0.00
23.90  0.00
23.92  0.00
23.93  0.00
23.95  0.00
23.97  0.00
23.98  0.00

