genericdec
-3.60   40.15
20  9  2015
0.02  0.00
0.03  0.00
0.05  0.00
0.08  0.00
0.10  0.00
0.12  0.00
0.13  0.00
0.15  0.00
0.17  0.00
0.18  0.00
0.20  0.00
0.22  0.00
0.23  0.00
0.25  0.00
0.27  0.00
0.28  0.00
0.30  0.00
0.32  0.00
0.33  0.00
0.35  0.00
0.37  0.00
0.38  0.00
0.40  0.00
0.42  0.00
0.43  0.00
0.45  0.00
0.47  0.00
0.48  0.00
0.50  0.00
0.52  0.00
0.53  0.00
0.55  0.00
0.57  0.00
0.58  0.00
0.62  0.00
0.63  0.00
0.65  0.00
0.67  0.00
0.68  0.00
0.70  0.00
0.72  0.00
0.73  0.00
0.75  0.00
0.77  0.00
0.78  0.00
0.80  0.00
0.82  0.00
0.83  0.00
0.85  0.00
0.87  0.00
0.88  0.00
0.90  0.00
0.92  0.00
0.93  0.00
0.95  0.00
0.97  0.00
0.98  0.00
1.00  0.00
1.02  0.00
1.03  0.00
1.05  0.00
1.07  0.00
1.08  0.00
1.10  0.00
1.12  0.00
1.15  0.00
1.17  0.00
1.18  0.00
1.20  0.00
1.22  0.00
1.23  0.00
1.25  0.00
1.27  0.00
1.28  0.00
1.30  0.00
1.32  0.00
1.33  0.00
1.35  0.00
1.37  0.00
1.38  0.00
1.40  0.00
1.42  0.00
1.43  0.00
1.45  0.00
1.47  0.00
1.48  0.00
1.50  0.00
1.52  0.00
1.53  0.00
1.55  0.00
1.57  0.00
1.58  0.00
1.60  0.00
1.62  0.00
1.63  0.00
1.65  0.00
1.67  0.00
1.70  0.00
1.72  0.00
1.73  0.00
1.75  0.00
1.77  0.00
1.78  0.00
1.80  0.00
1.82  0.00
1.83  0.00
1.85  0.00
1.87  0.00
1.88  0.00
1.90  0.00
1.92  0.00
1.93  0.00
1.95  0.00
1.97  0.00
1.98  0.00
2.00  0.00
2.02  0.00
2.03  0.00
2.05  0.00
2.07  0.00
2.08  0.00
2.10  0.00
2.12  0.00
2.13  0.00
2.15  0.00
2.17  0.00
2.18  0.00
2.20  0.00
2.23  0.00
2.25  0.00
2.27  0.00
2.28  0.00
2.30  0.00
2.32  0.00
2.33  0.00
2.35  0.00
2.37  0.00
2.38  0.00
2.40  0.00
2.42  0.00
2.43  0.00
2.45  0.00
2.47  0.00
2.48  0.00
2.50  0.00
2.52  0.00
2.53  0.00
2.55  0.00
2.57  0.00
2.58  0.00
2.60  0.00
2.62  0.00
2.63  0.00
2.65  0.00
2.67  0.00
2.68  0.00
2.70  0.00
2.72  0.00
2.73  0.00
2.77  0.00
2.78  0.00
2.80  0.00
2.82  0.00
2.83  0.00
2.85  0.00
2.87  0.00
2.88  0.00
2.90  0.00
2.92  0.00
2.93  0.00
2.95  0.00
2.97  0.00
2.98  0.00
3.00  0.00
3.02  0.00
3.03  0.00
3.05  0.00
3.07  0.00
3.08  0.00
3.10  0.00
3.12  0.00
3.13  0.00
3.15  0.00
3.17  0.00
3.18  0.00
3.20  0.00
3.22  0.00
3.23  0.00
3.25  0.00
3.27  0.00
3.30  0.00
3.32  0.00
3.33  0.00
3.35  0.00
3.37  0.00
3.38  0.00
3.40  0.00
3.42  0.00
3.43  0.00
3.45  0.00
3.47  0.00
3.48  0.00
3.50  0.00
3.52  0.00
3.53  0.00
3.55  0.00
3.57  0.00
3.58  0.00
3.60  0.00
3.62  0.00
3.63  0.00
3.65  0.00
3.67  0.00
3.68  0.00
3.70  0.00
3.72  0.00
3.73  0.00
3.75  0.00
3.77  0.00
3.78  0.00
3.80  0.00
3.82  0.00
3.85  0.00
3.87  0.00
3.88  0.00
3.90  0.00
3.92  0.00
3.93  0.00
3.95  0.00
3.97  0.00
3.98  0.00
4.00  0.00
4.02  0.00
4.03  0.00
4.05  0.00
4.07  0.00
4.08  0.00
4.10  0.00
4.12  0.00
4.13  0.00
4.15  0.00
4.17  0.00
4.18  0.00
4.20  0.00
4.22  0.00
4.23  0.00
4.25  0.00
4.27  0.00
4.28  0.00
4.30  0.00
4.32  0.00
4.33  0.00
4.35  0.00
4.38  0.00
4.40  0.00
4.42  0.00
4.43  0.00
4.45  0.00
4.47  0.00
4.48  0.00
4.50  0.00
4.52  0.00
4.53  0.00
4.55  0.00
4.57  0.00
4.58  0.00
4.60  0.00
4.62  0.00
4.63  0.00
4.65  0.00
4.67  0.00
4.68  0.00
4.70  0.00
4.72  0.00
4.73  0.00
4.75  0.00
4.77  0.00
4.78  0.00
4.80  0.00
4.82  0.00
4.83  0.00
4.85  0.00
4.87  0.00
4.88  0.00
4.92  0.00
4.93  0.00
4.95  0.00
4.97  0.00
4.98  0.00
5.00  0.00
5.02  0.00
5.03  0.00
5.05  0.00
5.07  0.00
5.08  0.00
5.10  0.00
5.12  0.00
5.13  0.00
5.15  0.00
5.17  0.00
5.18  0.00
5.20  0.00
5.22  0.00
5.23  0.00
5.25  0.00
5.27  0.00
5.28  0.00
5.30  0.00
5.32  0.00
5.33  0.00
5.35  0.00
5.37  0.00
5.38  0.01
5.40  0.01
5.42  0.02
5.43  0.03
5.47  0.04
5.48  0.05
5.50  0.06
5.52  0.07
5.53  0.10
5.55  0.12
5.57  0.14
5.58  0.17
5.60  0.21
5.62  0.24
5.63  0.28
5.65  0.33
5.67  0.38
5.68  0.42
5.70  0.48
5.72  0.54
5.73  0.59
5.75  0.65
5.77  0.71
5.78  0.78
5.80  0.84
5.82  0.90
5.83  0.97
5.85  1.03
5.87  1.09
5.88  1.16
5.90  1.23
5.92  1.29
5.93  1.36
5.95  1.43
5.97  1.50
6.00  1.57
6.02  1.65
6.03  1.98
6.05  2.31
6.07  2.51
6.08  2.68
6.10  2.79
6.12  2.88
6.13  2.94
6.15  3.00
6.17  3.11
6.18  3.19
6.20  3.25
6.22  3.31
6.23  3.36
6.25  3.37
6.27  3.37
6.28  3.44
6.30  3.51
6.32  3.54
6.33  3.57
6.35  3.60
6.37  3.63
6.38  3.65
6.40  3.67
6.42  3.66
6.43  3.69
6.45  3.73
6.47  3.75
6.48  3.76
6.50  3.78
6.53  3.79
6.55  3.80
6.57  3.81
6.58  3.83
6.60  3.79
6.62  3.77
6.63  3.82
6.65  3.86
6.67  3.88
6.68  3.89
6.70  3.89
6.72  3.90
6.73  3.91
6.75  3.92
6.77  3.93
6.78  3.93
6.80  3.93
6.82  3.94
6.83  3.95
6.85  3.96
6.87  3.96
6.88  3.96
6.90  3.97
6.92  3.97
6.93  3.98
6.95  3.99
6.97  3.99
6.98  4.00
7.00  4.00
7.02  4.01
7.03  4.01
7.05  4.01
7.08  4.02
7.10  4.02
7.12  4.02
7.13  4.03
7.15  4.03
7.17  4.03
7.18  4.04
7.20  4.04
7.22  4.05
7.23  4.05
7.25  4.05
7.27  4.05
7.28  4.05
7.30  4.06
7.32  4.06
7.33  4.07
7.35  4.07
7.37  4.07
7.38  4.07
7.40  4.07
7.42  4.08
7.43  4.08
7.45  4.08
7.47  4.08
7.48  4.08
7.50  4.09
7.52  4.09
7.53  4.09
7.55  4.09
7.57  4.10
7.58  4.10
7.62  4.10
7.63  4.10
7.65  4.10
7.67  4.11
7.68  4.11
7.70  4.11
7.72  4.11
7.73  4.11
7.75  4.11
7.77  4.12
7.78  4.12
7.80  4.12
7.82  4.12
7.83  4.12
7.85  4.12
7.87  4.12
7.88  4.13
7.90  4.13
7.92  4.13
7.93  4.13
7.95  4.13
7.97  4.13
7.98  4.13
8.00  4.13
8.02  4.14
8.03  4.14
8.05  4.14
8.07  4.14
8.08  4.14
8.10  4.14
8.12  4.14
8.15  4.14
8.17  4.14
8.18  4.15
8.20  4.15
8.22  4.15
8.23  4.15
8.25  4.15
8.27  4.15
8.28  4.15
8.30  4.15
8.32  4.16
8.33  4.15
8.35  4.16
8.37  4.16
8.38  4.16
8.40  4.16
8.42  4.16
8.43  4.16
8.45  4.16
8.47  4.16
8.48  4.16
8.50  4.16
8.52  4.16
8.53  4.17
8.55  4.16
8.57  4.17
8.58  4.17
8.60  4.17
8.62  4.16
8.63  4.17
8.65  4.17
8.68  4.17
8.70  4.17
8.72  4.17
8.73  4.17
8.75  4.17
8.77  4.17
8.78  4.17
8.80  4.17
8.82  4.17
8.83  4.17
8.85  4.17
8.87  4.17
8.88  4.17
8.90  4.17
8.92  4.17
8.93  4.17
8.95  4.17
8.97  4.17
8.98  4.17
9.00  4.17
9.02  4.17
9.03  4.17
9.05  4.18
9.07  4.17
9.08  4.18
9.10  4.17
9.12  4.18
9.13  4.17
9.15  4.18
9.17  4.18
9.18  4.18
9.22  4.18
9.23  4.18
9.25  4.18
9.27  4.18
9.28  4.18
9.30  4.18
9.32  4.18
9.33  4.18
9.35  4.18
9.37  4.18
9.38  4.18
9.40  4.18
9.42  4.18
9.43  4.18
9.45  4.18
9.47  4.18
9.48  4.18
9.50  4.18
9.52  4.18
9.53  4.18
9.55  4.18
9.57  4.18
9.58  4.18
9.60  4.18
9.62  4.18
9.63  4.18
9.65  4.18
9.67  4.18
9.68  4.18
9.70  4.18
9.72  4.18
9.75  4.18
9.77  4.18
9.78  4.18
9.80  4.18
9.82  4.18
9.83  4.18
9.85  4.18
9.87  4.18
9.88  4.18
9.90  4.18
9.92  4.18
9.93  4.18
9.95  4.18
9.97  4.18
9.98  4.18
10.00  4.18
10.02  4.18
10.03  4.18
10.05  4.18
10.07  4.17
10.08  4.18
10.10  4.18
10.12  4.17
10.13  4.18
10.15  4.18
10.17  4.18
10.18  4.17
10.20  4.18
10.22  4.18
10.23  4.18
10.25  4.17
10.28  4.17
10.30  4.17
