genericdec
-3.60   40.15
21  9  2015
0.02  0.00
0.03  0.00
0.05  0.00
0.07  0.00
0.08  0.00
0.10  0.00
0.12  0.00
0.13  0.00
0.15  0.00
0.17  0.00
0.18  0.00
0.20  0.00
0.23  0.00
0.25  0.00
0.27  0.00
0.28  0.00
0.30  0.00
0.32  0.00
0.33  0.00
0.35  0.00
0.37  0.00
0.38  0.00
0.40  0.00
0.42  0.00
0.43  0.00
0.45  0.00
0.47  0.00
0.48  0.00
0.50  0.00
0.52  0.00
0.53  0.00
0.55  0.00
0.57  0.00
0.58  0.00
0.60  0.00
0.62  0.00
0.63  0.00
0.65  0.00
0.67  0.00
0.68  0.00
0.70  0.00
0.72  0.00
0.73  0.00
0.77  0.00
0.78  0.00
0.80  0.00
0.82  0.00
0.83  0.00
0.85  0.00
0.87  0.00
0.88  0.00
0.90  0.00
0.92  0.00
0.93  0.00
0.95  0.00
0.97  0.00
0.98  0.00
1.00  0.00
1.02  0.00
1.03  0.00
1.05  0.00
1.07  0.00
1.08  0.00
1.10  0.00
1.12  0.00
1.13  0.00
1.15  0.00
1.17  0.00
1.18  0.00
1.20  0.00
1.22  0.00
1.23  0.00
1.25  0.00
1.27  0.00
1.28  0.00
1.32  0.00
1.33  0.00
1.35  0.00
1.37  0.00
1.38  0.00
1.40  0.00
1.42  0.00
1.43  0.00
1.45  0.00
1.47  0.00
1.48  0.00
1.50  0.00
1.52  0.00
1.53  0.00
1.55  0.00
1.57  0.00
1.58  0.00
1.60  0.00
1.62  0.00
1.63  0.00
1.65  0.00
1.67  0.00
1.68  0.00
1.70  0.00
1.72  0.00
1.73  0.00
1.75  0.00
1.77  0.00
1.78  0.00
1.80  0.00
1.82  0.00
1.85  0.00
1.87  0.00
1.88  0.00
1.90  0.00
1.92  0.00
1.93  0.00
1.95  0.00
1.97  0.00
1.98  0.00
2.00  0.00
2.02  0.00
2.03  0.00
2.05  0.00
2.07  0.00
2.08  0.00
2.10  0.00
2.12  0.00
2.13  0.00
2.15  0.00
2.17  0.00
2.18  0.00
2.20  0.00
2.22  0.00
2.23  0.00
2.25  0.00
2.27  0.00
2.28  0.00
2.30  0.00
2.32  0.00
2.33  0.00
2.35  0.00
2.38  0.00
2.40  0.00
2.42  0.00
2.43  0.00
2.45  0.00
2.47  0.00
2.48  0.00
2.50  0.00
2.52  0.00
2.53  0.00
2.55  0.00
2.57  0.00
2.58  0.00
2.60  0.00
2.62  0.00
2.63  0.00
2.65  0.00
2.67  0.00
2.68  0.00
2.70  0.00
2.72  0.00
2.73  0.00
2.75  0.00
2.77  0.00
2.78  0.00
2.80  0.00
2.82  0.00
2.83  0.00
2.85  0.00
2.87  0.00
2.88  0.00
2.90  0.00
2.93  0.00
2.95  0.00
2.97  0.00
2.98  0.00
3.00  0.00
3.02  0.00
3.03  0.00
3.05  0.00
3.07  0.00
3.08  0.00
3.10  0.00
3.12  0.00
3.13  0.00
3.15  0.00
3.17  0.00
3.18  0.00
3.20  0.00
3.22  0.00
3.23  0.00
3.25  0.00
3.27  0.00
3.28  0.00
3.30  0.00
3.32  0.00
3.33  0.00
3.35  0.00
3.37  0.00
3.38  0.00
3.40  0.00
3.42  0.00
3.43  0.00
3.47  0.00
3.48  0.00
3.50  0.00
3.52  0.00
3.53  0.00
3.55  0.00
3.57  0.00
3.58  0.00
3.60  0.00
3.62  0.00
3.63  0.00
3.65  0.00
3.67  0.00
3.68  0.00
3.70  0.00
3.72  0.00
3.73  0.00
3.75  0.00
3.77  0.00
3.78  0.00
3.80  0.00
3.82  0.00
3.83  0.00
3.85  0.00
3.87  0.00
3.88  0.00
3.90  0.00
3.92  0.00
3.93  0.00
3.95  0.00
3.97  0.00
4.00  0.00
4.02  0.00
4.03  0.00
4.05  0.00
4.07  0.00
4.08  0.00
4.10  0.00
4.12  0.00
4.13  0.00
4.15  0.00
4.17  0.00
4.18  0.00
4.20  0.00
4.22  0.00
4.23  0.00
4.25  0.00
4.27  0.00
4.28  0.00
4.30  0.00
4.32  0.00
4.33  0.00
4.35  0.00
4.37  0.00
4.38  0.00
4.40  0.00
4.42  0.00
4.43  0.00
4.45  0.00
4.47  0.00
4.48  0.00
4.50  0.00
4.53  0.00
4.55  0.00
4.57  0.00
4.58  0.00
4.60  0.00
4.62  0.00
4.63  0.00
4.65  0.00
4.67  0.00
4.68  0.00
4.70  0.00
4.72  0.00
4.73  0.00
4.75  0.00
4.77  0.00
4.78  0.00
4.80  0.00
4.82  0.00
4.83  0.00
4.85  0.00
4.87  0.00
4.88  0.00
4.90  0.00
4.92  0.00
4.93  0.00
4.95  0.00
4.97  0.00
4.98  0.00
5.00  0.00
5.02  0.00
5.03  0.00
5.05  0.00
5.08  0.00
5.10  0.00
5.12  0.00
5.13  0.00
5.15  0.00
5.17  0.00
5.18  0.00
5.20  0.00
5.22  0.00
5.23  0.00
5.25  0.00
5.27  0.00
5.28  0.00
5.30  0.00
5.32  0.00
5.33  0.00
5.35  0.00
5.37  0.00
5.38  0.00
5.40  0.00
5.42  0.00
5.43  0.00
5.45  0.01
5.47  0.02
5.48  0.02
5.50  0.03
5.52  0.04
5.53  0.06
5.55  0.07
5.57  0.09
5.58  0.11
5.62  0.13
5.63  0.16
5.65  0.19
5.67  0.22
5.68  0.25
5.70  0.29
5.72  0.34
5.73  0.38
5.75  0.42
5.77  0.47
5.78  0.52
5.80  0.58
5.82  0.63
5.83  0.68
5.85  0.73
5.87  0.79
5.88  0.84
5.90  0.90
5.92  0.95
5.93  1.01
5.95  1.07
5.97  1.14
5.98  1.21
6.00  1.28
6.02  1.47
6.03  1.67
6.05  1.81
6.07  1.92
6.08  2.04
6.10  2.17
6.12  2.28
6.15  2.37
6.17  2.47
6.18  2.55
6.20  2.63
6.22  2.70
6.23  2.76
6.25  2.83
6.27  2.89
6.28  2.94
6.30  2.99
6.32  3.04
6.33  3.08
6.35  3.13
6.37  3.16
6.38  3.20
6.40  3.23
6.42  3.26
6.43  3.29
6.45  3.32
6.47  3.34
6.48  3.36
6.50  3.38
6.52  3.40
6.53  3.42
6.55  3.44
6.57  3.46
6.58  3.47
6.60  3.49
6.62  3.51
6.63  3.53
6.65  3.54
6.67  3.55
6.70  3.57
6.72  3.58
6.73  3.59
6.75  3.60
6.77  3.61
6.78  3.63
6.80  3.64
6.82  3.65
6.83  3.66
6.85  3.67
6.87  3.68
6.88  3.68
6.90  3.69
6.92  3.70
6.93  3.71
6.95  3.71
6.97  3.72
6.98  3.72
7.00  3.73
7.02  3.73
7.03  3.74
7.05  3.75
7.07  3.75
7.08  3.75
7.10  3.76
7.12  3.76
7.13  3.76
7.15  3.76
7.17  3.77
7.18  3.77
7.20  3.77
7.23  3.77
7.25  3.78
7.27  3.78
7.28  3.78
7.30  3.78
7.32  3.78
7.33  3.78
7.35  3.78
7.37  3.79
7.38  3.78
7.40  3.78
7.42  3.79
7.43  3.79
7.45  3.79
7.47  3.79
7.48  3.79
7.50  3.79
7.52  3.78
7.53  3.77
7.55  3.77
7.57  3.76
7.58  3.76
7.60  3.76
7.62  3.76
7.63  3.76
7.65  3.76
7.67  3.76
7.68  3.76
7.70  3.75
7.72  3.75
7.73  3.75
7.77  3.75
7.78  3.75
7.80  3.75
7.82  3.76
7.83  3.78
7.85  3.78
7.87  3.78
7.88  3.77
7.90  3.77
7.92  3.76
7.93  3.75
7.95  3.75
7.97  3.76
7.98  3.77
8.00  3.78
8.02  3.79
8.03  3.80
8.05  3.80
8.07  3.81
8.08  3.80
8.10  3.80
8.12  3.80
8.13  3.81
8.15  3.82
8.17  3.82
8.18  3.84
8.20  3.85
8.22  3.86
8.23  3.87
8.25  3.89
8.27  3.90
8.30  3.92
8.32  3.93
8.33  3.94
8.35  3.95
8.37  3.96
8.38  3.97
8.40  3.98
8.42  3.99
8.43  4.00
8.45  4.01
8.47  4.02
8.48  4.03
8.50  4.04
8.52  4.05
8.53  4.06
8.55  4.06
8.57  4.07
8.58  4.07
8.60  4.08
8.62  4.09
8.63  4.10
8.65  4.10
8.67  4.11
8.68  4.11
8.70  4.11
8.72  4.12
8.73  4.12
8.75  4.12
8.77  4.12
8.78  4.12
8.80  4.12
8.83  4.12
8.85  4.13
8.87  4.13
8.88  4.13
8.90  4.13
8.92  4.14
8.93  4.14
8.95  4.14
8.97  4.14
8.98  4.14
9.00  4.14
9.02  4.14
9.03  4.14
9.05  4.15
9.07  4.15
9.08  4.15
9.10  4.15
9.12  4.15
9.13  4.15
9.15  4.15
9.17  4.15
9.18  4.16
9.20  4.16
9.22  4.16
9.23  4.16
9.25  4.16
9.27  4.16
9.28  4.16
9.30  4.16
9.32  4.16
9.33  4.17
9.37  4.17
9.38  4.17
9.40  4.17
9.42  4.17
9.43  4.17
9.45  4.17
9.47  4.17
9.48  4.17
9.50  4.17
9.52  4.17
9.53  4.17
9.55  4.17
9.57  4.17
9.58  4.17
9.60  4.17
9.62  4.17
9.63  4.17
9.65  4.18
9.67  4.18
9.68  4.18
9.70  4.18
9.72  4.18
9.73  4.18
9.75  4.18
9.77  4.18
9.78  4.18
9.80  4.18
9.82  4.18
9.83  4.18
9.85  4.18
9.87  4.19
9.90  4.19
9.92  4.19
9.93  4.19
9.95  4.19
9.97  4.19
9.98  4.19
10.00  4.19
10.02  4.19
10.03  4.19
10.05  4.19
10.07  4.19
10.08  4.19
10.10  4.19
10.12  4.19
10.13  4.19
10.15  4.19
10.17  4.19
10.18  4.20
10.20  4.19
10.22  4.19
10.23  4.20
10.25  4.19
10.27  4.20
10.28  4.20
10.30  4.20
10.32  4.20
10.33  4.20
10.35  4.20
10.37  4.20
10.38  4.20
10.40  4.20
10.43  4.20
10.45  4.20
10.47  4.20
10.48  4.20
10.50  4.20
10.52  4.20
10.53  4.20
10.55  4.20
10.57  4.20
10.58  4.20
10.60  4.20
10.62  4.20
10.63  4.20
10.65  4.20
10.67  4.20
10.68  4.20
10.70  4.21
10.72  4.19
10.73  3.93
10.75  3.09
10.77  3.03
10.78  3.01
10.80  3.00
10.82  2.99
10.83  2.98
10.85  2.98
10.87  2.97
10.88  2.97
10.90  2.96
10.92  2.96
10.93  2.96
10.97  2.96
10.98  2.95
11.00  2.95
11.02  2.95
11.03  2.95
11.05  2.95
11.07  2.95
11.08  2.95
11.10  2.94
11.12  2.94
11.13  2.94
11.15  2.94
11.17  2.93
11.18  2.93
11.20  2.92
11.22  2.92
11.23  2.92
11.25  2.91
11.27  2.91
11.28  2.91
11.30  2.91
11.32  2.90
11.33  2.90
11.35  2.90
11.37  2.89
11.38  2.89
11.40  2.89
11.42  2.89
11.43  2.88
11.45  2.88
11.47  2.88
11.50  2.87
11.52  2.87
11.53  2.87
11.55  2.87
11.57  2.86
11.58  2.86
11.60  2.86
11.62  2.85
11.63  2.85
11.65  2.85
11.67  2.85
11.68  2.84
11.70  2.84
11.72  2.84
11.73  2.84
11.75  2.84
11.77  2.84
11.78  2.83
11.80  2.83
11.82  2.83
11.83  2.83
11.85  2.82
11.87  2.82
11.88  2.82
11.90  2.82
11.92  2.81
11.93  2.81
11.95  2.81
11.97  2.81
11.98  2.81
12.00  2.80
12.02  2.80
12.05  2.80
12.07  2.80
12.08  2.80
12.10  2.79
12.12  2.79
12.13  2.79
12.15  2.79
12.17  2.78
12.18  2.78
12.20  2.78
12.22  2.78
12.23  2.77
12.25  2.77
12.27  2.77
12.28  2.76
12.30  2.76
12.32  2.76
12.33  2.76
12.35  2.76
12.37  2.75
12.38  2.76
12.40  2.76
12.42  2.75
12.43  2.74
12.45  2.74
12.47  2.73
12.48  2.72
12.50  2.72
12.52  2.72
12.53  2.72
12.55  2.72
12.58  2.72
12.60  2.72
12.62  2.72
12.63  2.71
12.65  2.71
12.67  2.71
12.68  2.70
12.70  2.70
12.72  2.70
12.73  2.70
12.75  2.69
12.77  2.69
12.78  2.69
12.80  2.69
12.82  2.69
12.83  2.69
12.85  2.69
12.87  2.69
12.88  2.68
12.90  2.68
12.92  2.68
12.93  2.67
12.95  2.67
12.97  2.66
12.98  2.66
13.00  2.66
13.02  2.66
13.03  2.65
13.05  2.65
13.07  2.64
13.08  2.64
13.12  2.63
13.13  2.63
13.15  2.62
13.17  2.62
13.18  2.62
13.20  2.62
13.22  2.61
13.23  2.61
13.25  2.61
13.27  2.61
13.28  2.61
13.30  2.61
13.32  2.60
13.33  2.60
13.35  2.60
13.37  2.60
13.38  2.60
13.40  2.60
13.42  2.60
13.43  2.59
13.45  2.59
13.47  2.59
13.48  2.59
13.50  2.58
13.52  2.58
13.53  2.58
13.55  2.58
13.57  2.57
13.58  2.57
13.60  2.57
13.62  2.57
13.65  2.57
13.67  2.57
13.68  2.56
13.70  2.56
13.72  2.56
13.73  2.55
13.75  2.55
13.77  2.54
13.78  2.54
13.80  2.53
13.82  2.53
13.83  2.53
13.85  2.52
13.87  2.51
13.88  2.51
13.90  2.50
13.92  2.50
13.93  2.50
13.95  2.49
13.97  2.49
13.98  2.49
14.00  2.49
14.02  2.49
14.03  2.48
14.05  2.48
14.07  2.47
14.08  2.47
14.10  2.47
14.12  2.46
14.13  2.46
14.15  2.46
14.18  2.45
14.20  2.45
14.22  2.45
14.23  2.44
14.25  2.44
14.27  2.44
14.28  2.44
14.30  2.44
14.32  2.44
14.33  2.44
14.35  2.44
14.37  2.44
14.38  2.44
14.40  2.44
14.42  2.44
14.43  2.43
14.45  2.43
14.47  2.42
14.48  2.42
14.50  2.42
14.52  2.42
14.53  2.42
14.55  2.41
14.57  2.41
14.58  2.41
14.60  2.41
14.62  2.40
14.63  2.40
14.65  2.40
14.67  2.39
14.68  2.39
14.72  2.39
14.73  2.39
14.75  2.39
14.77  2.39
14.78  2.38
14.80  2.38
14.82  2.38
14.83  2.38
14.85  2.38
14.87  2.38
14.88  2.38
14.90  2.38
14.92  2.37
14.93  2.37
14.95  2.37
14.97  2.37
14.98  2.36
15.00  2.36
15.02  2.36
15.03  2.36
15.05  2.36
15.07  2.35
15.08  2.35
15.10  2.35
15.12  2.35
15.13  2.35
15.15  2.34
15.17  2.34
15.18  2.34
15.20  2.34
15.22  2.34
15.25  2.33
15.27  2.33
15.28  2.33
15.30  2.33
15.32  2.33
15.33  2.33
15.35  2.32
15.37  2.32
15.38  2.32
15.40  2.32
15.42  2.32
15.43  2.31
15.45  2.31
15.47  2.31
15.48  2.31
15.50  2.30
15.52  2.31
15.53  2.30
15.55  2.30
15.57  2.30
15.58  2.30
15.60  2.30
15.62  2.30
15.63  2.30
15.65  2.29
15.67  2.29
15.68  2.29
15.70  2.29
15.72  2.29
15.73  2.29
15.75  2.29
15.77  2.29
15.80  2.29
15.82  2.29
15.83  2.28
15.85  2.27
15.87  2.28
15.88  2.28
15.90  2.27
15.92  2.27
15.93  2.27
15.95  2.27
15.97  2.26
15.98  2.26
16.00  2.26
16.02  2.26
16.03  2.26
16.05  2.25
16.07  2.25
16.08  2.25
16.10  2.24
16.12  2.24
16.13  2.24
16.15  2.24
16.17  2.24
16.18  2.23
16.20  2.23
16.22  2.23
16.23  2.22
16.25  2.22
16.27  2.22
16.28  2.21
16.30  2.21
16.33  2.20
16.35  2.20
16.37  2.20
16.38  2.20
16.40  2.19
16.42  2.19
16.43  2.19
16.45  2.18
16.47  2.18
16.48  2.18
16.50  2.18
16.52  2.17
16.53  2.17
16.55  2.17
16.57  2.16
16.58  2.16
16.60  2.16
16.62  2.15
16.63  2.15
16.65  2.15
16.67  2.14
16.68  2.13
16.70  2.13
16.72  2.13
16.73  2.12
16.75  2.12
16.77  2.11
16.78  2.11
16.80  2.10
16.82  2.10
16.83  2.09
16.87  2.09
16.88  2.08
16.90  2.08
16.92  2.08
16.93  2.07
16.95  2.07
16.97  2.06
16.98  2.06
17.00  2.05
17.02  2.04
17.03  2.04
17.05  2.03
17.07  2.03
17.08  2.02
17.10  2.02
17.12  2.01
17.13  2.01
17.15  2.00
17.17  2.00
17.18  1.99
17.20  1.98
17.22  1.98
17.23  1.97
17.25  1.96
17.27  1.95
17.28  1.94
17.30  1.93
17.32  1.93
17.33  1.92
17.35  1.91
17.37  1.90
17.40  1.89
17.42  1.88
17.43  1.87
17.45  1.86
17.47  1.84
17.48  1.83
17.50  1.82
17.52  1.80
17.53  1.79
17.55  1.77
17.57  1.75
17.58  1.72
17.60  1.70
17.62  1.69
17.63  1.67
17.65  1.65
17.67  1.64
17.68  1.62
17.70  1.60
17.72  1.58
17.73  1.55
17.75  1.53
17.77  1.51
17.78  1.48
17.80  1.46
17.82  1.43
17.83  1.40
17.85  1.37
17.87  1.34
17.88  1.30
17.90  1.27
17.93  1.24
17.95  1.20
17.97  1.16
17.98  1.12
18.00  1.07
18.02  1.03
18.03  0.99
18.05  0.94
18.07  0.89
18.08  0.84
18.10  0.80
18.12  0.75
18.13  0.70
18.15  0.64
18.17  0.60
18.18  0.55
18.20  0.50
18.22  0.45
18.23  0.41
18.25  0.36
18.27  0.32
18.28  0.28
18.30  0.24
18.32  0.21
18.33  0.17
18.35  0.14
18.37  0.12
18.38  0.10
18.40  0.08
18.42  0.05
18.43  0.04
18.45  0.03
18.48  0.02
18.50  0.01
18.52  0.01
18.53  0.00
18.55  0.00
4.54  0.01  3.02
0.00  22.53
Longitud y latitud reales:  -3.60  40.15
15.00  88.50
21  9  2015
0.02  0.00
0.03  0.00
0.05  0.00
0.07  0.00
0.08  0.00
0.10  0.00
0.12  0.00
0.13  0.00
0.15  0.00
0.17  0.00
0.18  0.00
0.20  0.00
0.23  0.00
0.25  0.00
0.27  0.00
0.28  0.00
0.30  0.00
0.32  0.00
0.33  0.00
0.35  0.00
0.37  0.00
0.38  0.00
0.40  0.00
0.42  0.00
0.43  0.00
0.45  0.00
0.47  0.00
0.48  0.00
0.50  0.00
0.52  0.00
0.53  0.00
0.55  0.00
0.57  0.00
0.58  0.00
0.60  0.00
0.62  0.00
0.63  0.00
0.65  0.00
0.67  0.00
0.68  0.00
0.70  0.00
0.72  0.00
0.73  0.00
0.77  0.00
0.78  0.00
0.80  0.00
0.82  0.00
0.83  0.00
0.85  0.00
0.87  0.00
0.88  0.00
0.90  0.00
0.92  0.00
0.93  0.00
0.95  0.00
0.97  0.00
0.98  0.00
1.00  0.00
1.02  0.00
1.03  0.00
1.05  0.00
1.07  0.00
1.08  0.00
1.10  0.00
1.12  0.00
1.13  0.00
1.15  0.00
1.17  0.00
1.18  0.00
1.20  0.00
1.22  0.00
1.23  0.00
1.25  0.00
1.27  0.00
1.30  0.00
1.32  0.00
1.33  0.00
1.35  0.00
1.37  0.00
1.38  0.00
1.40  0.00
1.42  0.00
1.43  0.00
1.45  0.00
1.47  0.00
1.48  0.00
1.50  0.00
1.52  0.00
1.53  0.00
1.55  0.00
1.57  0.00
1.58  0.00
1.60  0.00
1.62  0.00
1.63  0.00
1.65  0.00
1.67  0.00
1.68  0.00
1.70  0.00
1.72  0.00
1.73  0.00
1.75  0.00
1.77  0.00
1.78  0.00
1.80  0.00
1.82  0.00
1.85  0.00
1.87  0.00
1.88  0.00
1.90  0.00
1.92  0.00
1.93  0.00
1.95  0.00
1.97  0.00
1.98  0.00
2.00  0.00
2.02  0.00
2.03  0.00
2.05  0.00
2.07  0.00
2.08  0.00
2.10  0.00
2.12  0.00
2.13  0.00
2.15  0.00
2.17  0.00
2.18  0.00
2.20  0.00
2.22  0.00
2.23  0.00
2.25  0.00
2.27  0.00
2.28  0.00
2.30  0.00
2.32  0.00
2.33  0.00
2.35  0.00
2.38  0.00
2.40  0.00
2.42  0.00
2.43  0.00
2.45  0.00
2.47  0.00
2.48  0.00
2.50  0.00
2.52  0.00
2.53  0.00
2.55  0.00
2.57  0.00
2.58  0.00
2.60  0.00
2.62  0.00
2.63  0.00
2.65  0.00
2.67  0.00
2.68  0.00
2.70  0.00
2.72  0.00
2.73  0.00
2.75  0.00
2.77  0.00
2.78  0.00
2.80  0.00
2.82  0.00
2.83  0.00
2.85  0.00
2.87  0.00
2.88  0.00
2.92  0.00
2.93  0.00
2.95  0.00
2.97  0.00
2.98  0.00
3.00  0.00
3.02  0.00
3.03  0.00
3.05  0.00
3.07  0.00
3.08  0.00
3.10  0.00
3.12  0.00
3.13  0.00
3.15  0.00
3.17  0.00
3.18  0.00
3.20  0.00
3.22  0.00
3.23  0.00
3.25  0.00
3.27  0.00
3.28  0.00
3.30  0.00
3.32  0.00
3.33  0.00
3.35  0.00
3.37  0.00
3.38  0.00
3.40  0.00
3.42  0.00
3.45  0.00
3.47  0.00
3.48  0.00
3.50  0.00
3.52  0.00
3.53  0.00
3.55  0.00
3.57  0.00
3.58  0.00
3.60  0.00
3.62  0.00
3.63  0.00
3.65  0.00
3.67  0.00
3.68  0.00
3.70  0.00
3.72  0.00
3.73  0.00
3.75  0.00
3.77  0.00
3.78  0.00
3.80  0.00
3.82  0.00
3.83  0.00
3.85  0.00
3.87  0.00
3.88  0.00
3.90  0.00
3.92  0.00
3.93  0.00
3.95  0.00
3.97  0.00
4.00  0.00
4.02  0.00
4.03  0.00
4.05  0.00
4.07  0.00
4.08  0.00
4.10  0.00
4.12  0.00
4.13  0.00
4.15  0.00
4.17  0.00
4.18  0.00
4.20  0.00
4.22  0.00
4.23  0.00
4.25  0.00
4.27  0.00
4.28  0.00
4.30  0.00
4.32  0.00
4.33  0.00
4.35  0.00
4.37  0.00
4.38  0.00
4.40  0.00
4.42  0.00
4.43  0.00
4.45  0.00
4.47  0.00
4.48  0.00
4.50  0.00
4.53  0.00
4.55  0.00
4.57  0.00
4.58  0.00
4.60  0.00
4.62  0.00
4.63  0.00
4.65  0.00
4.67  0.00
4.68  0.00
4.70  0.00
4.72  0.00
4.73  0.00
4.75  0.00
4.77  0.00
4.78  0.00
4.80  0.00
4.82  0.00
4.83  0.00
4.85  0.00
4.87  0.00
4.88  0.00
4.90  0.00
4.92  0.00
4.93  0.00
4.95  0.00
4.97  0.00
4.98  0.00
5.00  0.00
5.02  0.00
5.03  0.00
5.07  0.00
5.08  0.00
5.10  0.00
5.12  0.00
5.13  0.00
5.15  0.00
5.17  0.00
5.18  0.00
5.20  0.00
5.22  0.00
5.23  0.00
5.25  0.00
5.27  0.00
5.28  0.00
5.30  0.00
5.32  0.00
5.33  0.00
5.35  0.00
5.37  0.00
5.38  0.00
5.40  0.00
5.42  0.00
5.43  0.00
5.45  0.00
5.47  0.00
5.48  0.00
5.50  0.00
5.52  0.00
5.53  0.00
5.55  0.00
5.57  0.00
5.60  0.00
5.62  0.00
5.63  0.00
5.65  0.00
5.67  0.00
5.68  0.00
5.70  0.00
5.72  0.00
5.73  0.00
5.75  0.00
5.77  0.00
5.78  0.00
5.80  0.00
5.82  0.00
5.83  0.00
5.85  0.00
5.87  0.00
5.88  0.00
5.90  0.00
5.92  0.00
5.93  0.00
5.95  0.00
5.97  0.00
5.98  0.00
6.00  0.00
6.02  0.00
6.03  0.00
6.05  0.00
6.07  0.00
6.08  0.00
6.10  0.00
6.12  0.00
6.15  0.00
6.17  0.00
6.18  0.00
6.20  0.00
6.22  0.00
6.23  0.00
6.25  0.00
6.27  0.00
6.28  0.00
6.30  0.00
6.32  0.00
6.33  0.00
6.35  0.00
6.37  0.00
6.38  0.00
6.40  0.00
6.42  0.00
6.43  0.00
6.45  0.00
6.47  0.00
6.48  0.00
6.50  0.00
6.52  0.00
6.53  0.00
6.55  0.00
6.57  0.00
6.58  0.00
6.60  0.00
6.62  0.00
6.63  0.00
6.65  0.00
6.68  0.00
6.70  0.00
6.72  0.00
6.73  0.00
6.75  0.00
6.77  0.00
6.78  0.00
6.80  0.00
6.82  0.00
6.83  0.00
6.85  0.00
6.87  0.00
6.88  0.00
6.90  0.00
6.92  0.00
6.93  0.00
6.95  0.00
6.97  0.00
6.98  0.00
7.00  0.00
7.02  0.00
7.03  0.00
7.05  0.00
7.07  0.00
7.08  0.00
7.10  0.00
7.12  0.00
7.13  0.00
7.15  0.00
7.17  0.00
7.18  0.00
7.22  0.00
7.23  0.00
7.25  0.00
7.27  0.00
7.28  0.00
7.30  0.00
7.32  0.00
7.33  0.00
7.35  0.00
7.37  0.00
7.38  0.00
7.40  0.00
7.42  0.00
7.43  0.00
7.45  0.00
7.47  0.00
7.48  0.00
7.50  0.00
7.52  0.00
7.53  0.00
7.55  0.00
7.57  0.00
7.58  0.00
7.60  0.00
7.62  0.00
7.63  0.00
7.65  0.00
7.67  0.00
7.68  0.00
7.70  0.00
7.72  0.00
7.73  0.00
7.77  0.00
7.78  0.00
7.80  0.00
7.82  0.00
7.83  0.00
7.85  0.00
7.87  0.00
7.88  0.00
7.90  0.00
7.92  0.00
7.93  0.00
7.95  0.00
7.97  0.00
7.98  0.00
8.00  0.00
8.02  0.00
8.03  0.00
8.05  0.00
8.07  0.00
8.08  0.00
8.10  0.00
8.12  0.00
8.13  0.00
8.15  0.00
8.17  0.00
8.18  0.00
8.20  0.00
8.22  0.00
8.23  0.00
8.25  0.00
8.27  0.00
8.30  0.00
8.32  0.00
8.33  0.00
8.35  0.00
8.37  0.00
8.38  0.00
8.40  0.00
8.42  0.00
8.43  0.00
8.45  0.00
8.47  0.00
8.48  0.00
8.50  0.00
8.52  0.00
8.53  0.00
8.55  0.00
8.57  0.00
8.58  0.00
8.60  0.00
8.62  0.00
8.63  0.00
8.65  0.00
8.67  0.00
8.68  0.00
8.70  0.00
8.72  0.00
8.73  0.00
8.75  0.00
8.77  0.00
8.78  0.00
8.80  0.00
8.83  0.00
8.85  0.00
8.87  0.00
8.88  0.00
8.90  0.00
8.92  0.00
8.93  0.00
8.95  0.00
8.97  0.00
8.98  0.00
9.00  0.00
9.02  0.00
9.03  0.00
9.05  0.00
9.07  0.00
9.08  0.00
9.10  0.00
9.12  0.00
9.13  0.00
9.15  0.00
9.17  0.00
9.18  0.00
9.20  0.00
9.22  0.00
9.23  0.00
9.25  0.00
9.27  0.00
9.28  0.00
9.30  0.00
9.32  0.00
9.33  0.00
9.37  0.00
9.38  0.00
9.40  0.00
9.42  0.01
9.43  0.02
9.45  0.02
9.47  0.03
9.48  0.04
9.50  0.06
9.52  0.07
9.53  0.09
9.55  0.11
9.57  0.13
9.58  0.16
9.60  0.19
9.62  0.22
9.63  0.26
9.65  0.30
9.67  0.34
9.68  0.39
9.70  0.43
9.72  0.48
9.73  0.53
9.75  0.58
9.77  0.63
9.78  0.69
9.80  0.75
9.82  0.80
9.83  0.85
9.85  0.91
9.87  0.97
9.88  1.04
9.92  1.09
9.93  1.16
9.95  1.22
9.97  1.28
9.98  1.47
10.00  1.78
10.02  1.98
10.03  2.09
10.05  2.21
10.07  2.31
10.08  2.41
10.10  2.50
10.12  2.58
10.13  2.66
10.15  2.73
10.17  2.79
10.18  2.85
10.20  2.91
10.22  2.96
10.23  3.01
10.25  3.06
10.27  3.10
10.28  3.14
10.30  3.18
10.32  3.21
10.33  3.25
10.35  3.28
10.37  3.31
10.38  3.33
10.40  3.35
10.42  3.38
10.45  3.40
10.47  3.42
10.48  3.44
10.50  3.46
10.52  3.48
10.53  3.50
10.55  3.52
10.57  3.54
10.58  3.55
10.60  3.56
10.62  3.58
10.63  3.59
10.65  3.61
10.67  3.62
10.68  3.63
10.70  3.64
10.72  3.65
10.73  3.66
10.75  3.68
10.77  3.68
10.78  3.70
10.80  3.71
10.82  3.71
10.83  3.72
10.85  3.73
10.87  3.74
10.88  3.75
10.90  3.75
10.92  3.76
10.93  3.76
10.95  3.77
10.98  3.77
11.00  3.77
11.02  3.78
11.03  3.78
11.05  3.79
11.07  3.79
11.08  3.79
11.10  3.79
11.12  3.80
11.13  3.80
11.15  3.81
11.17  3.81
11.18  3.81
11.20  3.82
11.22  3.82
11.23  3.82
11.25  3.81
11.27  3.82
11.28  3.81
11.30  3.82
11.32  3.81
11.33  3.81
11.35  3.81
11.37  3.81
11.38  3.81
11.40  3.81
11.42  3.81
11.43  3.81
11.45  3.81
11.47  3.81
11.48  3.81
11.52  3.80
11.53  3.79
11.55  3.78
11.57  3.78
11.58  3.77
11.60  3.77
11.62  3.77
11.63  3.77
11.65  3.77
11.67  3.77
11.68  3.76
11.70  3.75
11.72  3.75
11.73  3.74
11.75  3.74
11.77  3.75
11.78  3.75
11.80  3.76
11.82  3.76
11.83  3.77
11.85  3.77
11.87  3.76
11.88  3.75
11.90  3.75
11.92  3.74
11.93  3.74
11.95  3.75
11.97  3.75
11.98  3.77
12.00  3.78
12.02  3.79
12.03  3.80
12.07  3.80
12.08  3.80
12.10  3.80
12.12  3.80
12.13  3.81
12.15  3.82
12.17  3.83
12.18  3.84
12.20  3.86
12.22  3.88
12.23  3.89
12.25  3.91
12.27  3.92
12.28  3.93
12.30  3.95
12.32  3.96
12.33  3.97
12.35  3.98
12.37  3.99
12.38  4.00
12.40  4.01
12.42  4.02
12.43  4.03
12.45  4.04
12.47  4.05
12.48  4.06
12.50  4.06
12.52  4.07
12.53  4.08
12.55  4.08
12.57  4.09
12.60  4.10
12.62  4.10
12.63  4.11
12.65  4.11
12.67  4.11
12.68  4.11
12.70  4.11
12.72  4.11
12.73  4.12
12.75  4.12
12.77  4.12
12.78  4.12
12.80  4.12
12.82  4.12
12.83  4.12
12.85  4.13
12.87  4.13
12.88  4.13
12.90  4.14
12.92  4.13
12.93  4.14
12.95  4.14
12.97  4.14
12.98  4.14
13.00  4.14
13.02  4.14
13.03  4.14
13.05  4.15
13.07  4.15
13.08  4.15
13.10  4.15
13.13  4.15
13.15  4.15
13.17  4.15
13.18  4.15
13.20  4.15
13.22  4.16
13.23  4.15
13.25  4.16
13.27  4.16
13.28  4.16
13.30  4.16
13.32  4.16
13.33  4.16
13.35  4.17
13.37  4.16
13.38  4.17
13.40  4.17
13.42  4.17
13.43  4.17
13.45  4.17
13.47  4.17
13.48  4.17
13.50  4.17
13.52  4.17
13.53  4.17
13.55  4.17
13.57  4.17
13.58  4.17
13.60  4.18
13.62  4.18
13.63  4.18
13.67  4.17
13.68  4.18
13.70  4.18
13.72  4.18
13.73  4.18
13.75  4.18
13.77  4.18
13.78  4.18
13.80  4.18
13.82  4.18
13.83  4.18
13.85  4.18
13.87  4.18
13.88  4.19
13.90  4.19
13.92  4.19
13.93  4.19
13.95  4.19
13.97  4.19
13.98  4.19
14.00  4.19
14.02  4.19
14.03  4.19
14.05  4.19
14.07  4.19
14.08  4.19
14.10  4.19
14.12  4.19
14.13  4.19
14.15  4.19
14.17  4.19
14.20  4.19
14.22  4.19
14.23  4.19
14.25  4.19
14.27  4.20
14.28  4.19
14.30  4.20
14.32  4.19
14.33  4.20
14.35  4.20
14.37  4.19
14.38  4.20
14.40  4.20
14.42  4.20
14.43  4.20
14.45  4.20
14.47  4.20
14.48  4.20
14.50  4.20
14.52  4.20
14.53  4.20
14.55  4.20
14.57  4.20
14.58  4.20
14.60  4.20
14.62  4.20
14.63  4.20
14.65  4.10
14.67  3.54
14.68  3.00
14.70  2.97
14.73  2.96
14.75  2.94
14.77  2.93
14.78  2.93
14.80  2.92
14.82  2.92
14.83  2.92
14.85  2.92
14.87  2.92
14.88  2.91
14.90  2.91
14.92  2.91
14.93  2.91
14.95  2.91
14.97  2.91
14.98  2.91
15.00  2.91
15.02  2.91
15.03  2.91
15.05  2.91
15.07  2.91
15.08  2.91
15.10  2.91
15.12  2.90
15.13  2.89
15.15  2.88
15.17  2.88
15.18  2.87
15.20  2.87
15.22  2.87
15.23  2.87
15.27  2.87
15.28  2.87
15.30  2.86
15.32  2.86
15.33  2.85
15.35  2.85
15.37  2.84
15.38  2.84
15.40  2.84
15.42  2.83
15.43  2.83
15.45  2.83
15.47  2.83
15.48  2.83
15.50  2.83
15.52  2.83
15.53  2.83
15.55  2.82
15.57  2.82
15.58  2.81
15.60  2.81
15.62  2.81
15.63  2.81
15.65  2.80
15.67  2.80
15.68  2.80
15.70  2.80
15.72  2.79
15.73  2.79
15.75  2.78
15.77  2.78
15.80  2.77
15.82  2.77
15.83  2.76
15.85  2.76
15.87  2.76
15.88  2.76
15.90  2.75
15.92  2.75
15.93  2.75
15.95  2.74
15.97  2.74
15.98  2.74
16.00  2.73
16.02  2.73
16.03  2.73
16.05  2.72
16.07  2.72
16.08  2.72
16.10  2.71
16.12  2.71
16.13  2.71
16.15  2.71
16.17  2.71
16.18  2.70
16.20  2.70
16.22  2.70
16.23  2.69
16.25  2.69
16.27  2.68
16.28  2.68
16.30  2.68
16.33  2.67
16.35  2.67
16.37  2.67
16.38  2.67
16.40  2.66
16.42  2.66
16.43  2.66
16.45  2.65
16.47  2.65
16.48  2.65
16.50  2.64
16.52  2.64
16.53  2.64
16.55  2.63
16.57  2.63
16.58  2.64
16.60  2.63
16.62  2.63
16.63  2.62
16.65  2.62
16.67  2.61
16.68  2.61
16.70  2.61
16.72  2.61
16.73  2.61
16.75  2.60
16.77  2.60
16.78  2.59
16.80  2.59
16.82  2.59
16.83  2.59
16.87  2.59
16.88  2.59
16.90  2.58
16.92  2.58
16.93  2.57
16.95  2.57
16.97  2.57
16.98  2.57
17.00  2.57
17.02  2.56
17.03  2.56
17.05  2.56
17.07  2.56
17.08  2.55
17.10  2.55
17.12  2.55
17.13  2.54
17.15  2.55
17.17  2.54
17.18  2.54
17.20  2.54
17.22  2.53
17.23  2.53
17.25  2.53
17.27  2.53
17.28  2.52
17.30  2.52
17.32  2.52
17.33  2.52
17.35  2.52
17.37  2.51
17.38  2.51
17.42  2.51
17.43  2.51
17.45  2.51
17.47  2.50
17.48  2.50
17.50  2.50
17.52  2.50
17.53  2.50
17.55  2.49
17.57  2.49
17.58  2.49
17.60  2.49
17.62  2.48
17.63  2.48
17.65  2.48
17.67  2.48
17.68  2.48
17.70  2.48
17.72  2.47
17.73  2.47
17.75  2.47
17.77  2.47
17.78  2.46
17.80  2.46
17.82  2.46
17.83  2.46
17.85  2.46
17.87  2.45
17.88  2.45
17.90  2.45
17.92  2.45
17.95  2.44
17.97  2.44
17.98  2.44
18.00  2.43
18.02  2.43
18.03  2.43
18.05  2.43
18.07  2.42
18.08  2.42
18.10  2.42
18.12  2.42
18.13  2.42
18.15  2.41
18.17  2.41
18.18  2.41
18.20  2.41
18.22  2.41
18.23  2.40
18.25  2.40
18.27  2.40
18.28  2.40
18.30  2.40
18.32  2.39
18.33  2.39
18.35  2.39
18.37  2.39
18.38  2.39
18.40  2.39
18.42  2.38
18.43  2.38
18.45  2.38
18.48  2.38
18.50  2.37
18.52  2.37
18.53  2.37
18.55  2.37
18.57  2.36
18.58  2.36
18.60  2.36
18.62  2.36
18.63  2.36
18.65  2.36
18.67  2.36
18.68  2.36
18.70  2.35
18.72  2.35
18.73  2.35
18.75  2.35
18.77  2.34
18.78  2.34
18.80  2.34
18.82  2.34
18.83  2.34
18.85  2.34
18.87  2.34
18.88  2.34
18.90  2.33
18.92  2.33
18.93  2.33
18.95  2.33
18.97  2.33
18.98  2.33
19.02  2.32
19.03  2.32
19.05  2.32
19.07  2.32
19.08  2.32
19.10  2.32
19.12  2.31
19.13  2.31
19.15  2.31
19.17  2.31
19.18  2.31
19.20  2.31
19.22  2.31
19.23  2.31
19.25  2.30
19.27  2.30
19.28  2.30
19.30  2.30
19.32  2.30
19.33  2.30
19.35  2.29
19.37  2.29
19.38  2.29
19.40  2.29
19.42  2.29
19.43  2.29
19.45  2.29
19.47  2.29
19.48  2.29
19.50  2.28
19.52  2.28
19.55  2.28
19.57  2.28
19.58  2.28
19.60  2.27
19.62  2.27
19.63  2.27
19.65  2.27
19.67  2.27
19.68  2.27
19.70  2.28
19.72  2.28
19.73  2.27
19.75  2.27
19.77  2.27
19.78  2.27
19.80  2.26
19.82  2.26
19.83  2.25
19.85  2.25
19.87  2.24
19.88  2.24
19.90  2.23
19.92  2.23
19.93  2.23
19.95  2.23
19.97  2.23
19.98  2.23
20.00  2.23
20.02  2.22
20.03  2.22
20.05  2.22
20.08  2.22
20.10  2.21
20.12  2.21
20.13  2.21
20.15  2.20
20.17  2.20
20.18  2.20
20.20  2.19
20.22  2.19
20.23  2.18
20.25  2.18
20.27  2.18
20.28  2.17
20.30  2.17
20.32  2.17
20.33  2.16
20.35  2.16
20.37  2.15
20.38  2.15
20.40  2.15
20.42  2.14
20.43  2.14
20.45  2.13
20.47  2.13
20.48  2.13
20.50  2.12
20.52  2.12
20.53  2.12
20.55  2.11
20.57  2.11
20.58  2.11
20.60  2.10
20.63  2.10
20.65  2.09
20.67  2.08
20.68  2.08
20.70  2.08
20.72  2.07
20.73  2.07
20.75  2.06
20.77  2.06
20.78  2.06
20.80  2.05
20.82  2.04
20.83  2.04
20.85  2.03
20.87  2.03
20.88  2.02
20.90  2.02
20.92  2.01
20.93  2.00
20.95  2.00
20.97  1.99
20.98  1.99
21.00  1.98
21.02  1.98
21.03  1.97
21.05  1.96
21.07  1.96
21.08  1.96
21.10  1.95
21.12  1.94
21.13  1.94
21.17  1.93
21.18  1.93
21.20  1.92
21.22  1.91
21.23  1.90
21.25  1.90
21.27  1.89
21.28  1.88
21.30  1.87
21.32  1.86
21.33  1.85
21.35  1.84
21.37  1.83
21.38  1.82
21.40  1.80
21.42  1.79
21.43  1.78
21.45  1.76
21.47  1.74
21.48  1.71
21.50  1.70
21.52  1.68
21.53  1.67
21.55  1.65
21.57  1.63
21.58  1.62
21.60  1.60
21.62  1.58
21.63  1.56
21.65  1.53
21.67  1.51
21.70  1.49
21.72  1.46
21.73  1.44
21.75  1.41
21.77  1.38
21.78  1.35
21.80  1.32
21.82  1.29
21.83  1.25
21.85  1.22
21.87  1.18
21.88  1.14
21.90  1.10
21.92  1.06
21.93  1.02
21.95  0.97
21.97  0.93
21.98  0.88
22.00  0.83
22.02  0.78
22.03  0.73
22.05  0.68
22.07  0.63
22.08  0.58
22.10  0.53
22.12  0.48
22.13  0.43
22.15  0.39
22.17  0.34
22.18  0.30
22.20  0.26
22.23  0.22
22.25  0.19
22.27  0.16
22.28  0.13
22.30  0.10
22.32  0.08
22.33  0.06
22.35  0.05
22.37  0.04
22.38  0.03
22.40  0.02
22.42  0.01
22.43  0.01
22.45  0.00
22.47  0.00
22.48  0.00
22.50  0.00
22.52  0.00
22.53  0.00
22.55  0.00
22.57  0.00
22.58  0.00
22.60  0.00
22.62  0.00
22.63  0.00
22.65  0.00
22.67  0.00
22.68  0.00
22.70  0.00
22.72  0.00
22.73  0.00
22.77  0.00
22.78  0.00
22.80  0.00
22.82  0.00
22.83  0.00
22.85  0.00
22.87  0.00
22.88  0.00
22.90  0.00
22.92  0.00
22.93  0.00
22.95  0.00
22.97  0.00
22.98  0.00
23.00  0.00
23.02  0.00
23.03  0.00
23.05  0.00
23.07  0.00
23.08  0.00
23.10  0.00
23.12  0.00
23.13  0.00
23.15  0.00
23.17  0.00
23.18  0.00
23.20  0.00
23.22  0.00
23.23  0.00
23.25  0.00
23.27  0.00
23.30  0.00
23.32  0.00
23.33  0.00
23.35  0.00
23.37  0.00
23.38  0.00
23.40  0.00
23.42  0.00
23.43  0.00
23.45  0.00
23.47  0.00
23.48  0.00
23.50  0.00
23.52  0.00
23.53  0.00
23.55  0.00
23.57  0.00
23.58  0.00
23.60  0.00
23.62  0.00
23.63  0.00
23.65  0.00
23.67  0.00
23.68  0.00
23.70  0.00
23.72  0.00
23.73  0.00
23.75  0.00
23.77  0.00
23.78  0.00
23.80  0.00
23.82  0.00
23.85  0.00
23.87  0.00
23.88  0.00
23.90  0.00
23.92  0.00
23.93  0.00
23.95  0.00
23.97  0.00
23.98  0.00
