genericdec
-3.60   40.15
22  9  2015
0.02  0.00
0.03  0.00
0.05  0.00
0.07  0.00
0.08  0.00
0.10  0.00
0.12  0.00
0.13  0.00
0.15  0.00
0.17  0.00
0.18  0.00
0.20  0.00
0.22  0.00
0.23  0.00
0.25  0.00
0.27  0.00
0.28  0.00
0.30  0.00
0.32  0.00
0.33  0.00
0.35  0.00
0.37  0.00
0.40  0.00
0.42  0.00
0.43  0.00
0.45  0.00
0.47  0.00
0.48  0.00
0.50  0.00
0.52  0.00
0.53  0.00
0.55  0.00
0.57  0.00
0.58  0.00
0.60  0.00
0.62  0.00
0.63  0.00
0.65  0.00
0.67  0.00
0.68  0.00
0.70  0.00
0.72  0.00
0.73  0.00
0.75  0.00
0.77  0.00
0.78  0.00
0.80  0.00
0.82  0.00
0.83  0.00
0.85  0.00
0.87  0.00
0.88  0.00
0.90  0.00
0.93  0.00
0.95  0.00
0.97  0.00
0.98  0.00
1.00  0.00
1.02  0.00
1.03  0.00
1.05  0.00
1.07  0.00
1.08  0.00
1.10  0.00
1.12  0.00
1.13  0.00
1.15  0.00
1.17  0.00
1.18  0.00
1.20  0.00
1.22  0.00
1.23  0.00
1.25  0.00
1.27  0.00
1.28  0.00
1.30  0.00
1.32  0.00
1.33  0.00
1.35  0.00
1.37  0.00
1.38  0.00
1.40  0.00
1.42  0.00
1.43  0.00
1.47  0.00
1.48  0.00
1.50  0.00
1.52  0.00
1.53  0.00
1.55  0.00
1.57  0.00
1.58  0.00
1.60  0.00
1.62  0.00
1.63  0.00
1.65  0.00
1.67  0.00
1.68  0.00
1.70  0.00
1.72  0.00
1.73  0.00
1.75  0.00
1.77  0.00
1.78  0.00
1.80  0.00
1.82  0.00
1.83  0.00
1.85  0.00
1.87  0.00
1.88  0.00
1.90  0.00
1.92  0.00
1.93  0.00
1.95  0.00
1.97  0.00
2.00  0.00
2.02  0.00
2.03  0.00
2.05  0.00
2.07  0.00
2.08  0.00
2.10  0.00
2.12  0.00
2.13  0.00
2.15  0.00
2.17  0.00
2.18  0.00
2.20  0.00
2.22  0.00
2.23  0.00
2.25  0.00
2.27  0.00
2.28  0.00
2.30  0.00
2.32  0.00
2.33  0.00
2.35  0.00
2.37  0.00
2.38  0.00
2.40  0.00
2.42  0.00
2.43  0.00
2.45  0.00
2.47  0.00
2.48  0.00
2.50  0.00
2.53  0.00
2.55  0.00
2.57  0.00
2.58  0.00
2.60  0.00
2.62  0.00
2.63  0.00
2.65  0.00
2.67  0.00
2.68  0.00
2.70  0.00
2.72  0.00
2.73  0.00
2.75  0.00
2.77  0.00
2.78  0.00
2.80  0.00
2.82  0.00
2.83  0.00
2.85  0.00
2.87  0.00
2.88  0.00
2.90  0.00
2.92  0.00
2.93  0.00
2.95  0.00
2.97  0.00
2.98  0.00
3.00  0.00
3.02  0.00
3.03  0.00
3.07  0.00
3.08  0.00
3.10  0.00
3.12  0.00
3.13  0.00
3.15  0.00
3.17  0.00
3.18  0.00
3.20  0.00
3.22  0.00
3.23  0.00
3.25  0.00
3.27  0.00
3.28  0.00
3.30  0.00
3.32  0.00
3.33  0.00
3.35  0.00
3.37  0.00
3.38  0.00
3.40  0.00
3.42  0.00
3.43  0.00
3.45  0.00
3.47  0.00
3.48  0.00
3.50  0.00
3.52  0.00
3.53  0.00
3.55  0.00
3.57  0.00
3.58  0.00
3.62  0.00
3.63  0.00
3.65  0.00
3.67  0.00
3.68  0.00
3.70  0.00
3.72  0.00
3.73  0.00
3.75  0.00
3.77  0.00
3.78  0.00
3.80  0.00
3.82  0.00
3.83  0.00
3.85  0.00
3.87  0.00
3.88  0.00
3.90  0.00
3.92  0.00
3.93  0.00
3.95  0.00
3.97  0.00
3.98  0.00
4.00  0.00
4.02  0.00
4.03  0.00
4.05  0.00
4.07  0.00
4.08  0.00
4.10  0.00
4.12  0.00
4.15  0.00
4.17  0.00
4.18  0.00
4.20  0.00
4.22  0.00
4.23  0.00
4.25  0.00
4.27  0.00
4.28  0.00
4.30  0.00
4.32  0.00
4.33  0.00
4.35  0.00
4.37  0.00
4.38  0.00
4.40  0.00
4.42  0.00
4.43  0.00
4.45  0.00
4.47  0.00
4.48  0.00
4.50  0.00
4.52  0.00
4.53  0.00
4.55  0.00
4.57  0.00
4.58  0.00
4.60  0.00
4.62  0.00
4.63  0.00
4.65  0.00
4.68  0.00
4.70  0.00
4.72  0.00
4.73  0.00
4.75  0.00
4.77  0.00
4.78  0.00
4.80  0.00
4.82  0.00
4.83  0.00
4.85  0.00
4.87  0.00
4.88  0.00
4.90  0.00
4.92  0.00
4.93  0.00
4.95  0.00
4.97  0.00
4.98  0.00
5.00  0.00
5.02  0.00
5.03  0.00
5.05  0.00
5.07  0.00
5.08  0.00
5.10  0.00
5.12  0.00
5.13  0.00
5.15  0.00
5.17  0.00
5.18  0.00
5.22  0.00
5.23  0.00
5.25  0.00
5.27  0.00
5.28  0.00
5.30  0.00
5.32  0.00
5.33  0.00
5.35  0.00
5.37  0.00
5.38  0.00
5.40  0.00
5.42  0.00
5.43  0.00
5.45  0.00
5.47  0.00
5.48  0.00
5.50  0.00
5.52  0.00
5.53  0.00
5.55  0.00
5.57  0.00
5.58  0.00
5.60  0.00
5.62  0.00
5.63  0.00
5.65  0.00
5.67  0.00
5.68  0.00
5.70  0.00
5.72  0.00
5.73  0.00
5.77  0.00
5.78  0.00
5.80  0.00
5.82  0.00
5.83  0.00
5.85  0.00
5.87  0.00
5.88  0.00
5.90  0.00
5.92  0.00
5.93  0.00
5.95  0.00
5.97  0.00
5.98  0.00
6.00  0.00
6.02  0.00
6.03  0.00
6.05  0.00
6.07  0.00
6.08  0.00
6.10  0.00
6.12  0.00
6.13  0.00
6.15  0.00
6.17  0.00
6.18  0.00
6.20  0.00
6.22  0.00
6.23  0.00
6.25  0.00
6.27  0.00
6.30  0.00
6.32  0.00
6.33  0.00
6.35  0.00
6.37  0.00
6.38  0.00
6.40  0.00
6.42  0.00
6.43  0.00
6.45  0.00
6.47  0.00
6.48  0.00
6.50  0.00
6.52  0.00
6.53  0.00
6.55  0.00
6.57  0.00
6.58  0.00
6.60  0.00
6.62  0.00
6.63  0.00
6.65  0.00
6.67  0.00
6.68  0.00
6.70  0.00
6.72  0.00
6.73  0.00
6.75  0.00
6.77  0.00
6.78  0.00
6.80  0.00
6.83  0.00
6.85  0.00
6.87  0.00
6.88  0.00
6.90  0.00
6.92  0.00
6.93  0.00
6.95  0.00
6.97  0.00
6.98  0.00
7.00  0.00
7.02  0.00
7.03  0.00
7.05  0.00
7.07  0.00
7.08  0.00
7.10  0.00
7.12  0.00
7.13  0.00
7.15  0.00
7.17  0.00
7.18  0.00
7.20  0.00
7.22  0.00
7.23  0.00
7.25  0.00
7.27  0.00
7.28  0.00
7.30  0.00
7.32  0.00
7.33  0.00
7.37  0.00
7.38  0.00
7.40  0.00
7.42  0.00
7.43  0.00
7.45  0.00
7.47  0.00
7.48  0.00
7.50  0.00
7.52  0.00
7.53  0.00
7.55  0.00
7.57  0.00
7.58  0.00
7.60  0.00
7.62  0.00
7.63  0.00
7.65  0.00
7.67  0.00
7.68  0.00
7.70  0.00
7.72  0.00
7.73  0.00
7.75  0.00
7.77  0.00
7.78  0.00
7.80  0.00
7.82  0.00
7.83  0.00
7.85  0.00
7.87  0.00
7.90  0.00
7.92  0.00
7.93  0.00
7.95  0.00
7.97  0.00
7.98  0.00
8.00  0.00
8.02  0.00
8.03  0.00
8.05  0.00
8.07  0.00
8.08  0.00
8.10  0.00
8.12  0.00
8.13  0.00
8.15  0.00
8.17  0.00
8.18  0.00
8.20  0.00
8.22  0.00
8.23  0.00
8.25  0.00
8.27  0.00
8.28  0.00
8.30  0.00
8.32  0.00
8.33  0.00
8.35  0.00
8.37  0.00
8.38  0.00
8.40  0.00
8.42  0.00
8.45  0.00
8.47  0.00
8.48  0.00
8.50  0.00
8.52  0.00
8.53  0.00
8.55  0.00
8.57  0.00
8.58  0.00
8.60  0.00
8.62  0.00
8.63  0.00
8.65  0.00
8.67  0.00
8.68  0.00
8.70  0.00
8.72  0.00
8.73  0.00
8.75  0.00
8.77  0.00
8.78  0.00
8.80  0.00
8.82  0.00
8.83  0.00
8.85  0.00
8.87  0.00
8.88  0.00
8.90  0.00
8.92  0.00
8.93  0.00
8.95  0.00
8.98  0.00
9.00  0.00
9.02  0.00
9.03  0.00
9.05  0.00
9.07  0.00
9.08  0.00
9.10  0.00
9.12  0.00
9.13  0.00
9.15  0.00
9.17  0.00
9.18  0.00
9.20  0.00
9.22  0.00
9.23  0.00
9.25  0.00
9.27  0.00
9.28  0.00
9.30  0.00
9.32  0.00
9.33  0.00
9.35  0.00
9.37  0.00
9.38  0.00
9.40  0.00
9.42  0.00
9.43  0.00
9.45  0.00
9.47  0.01
9.48  0.01
9.52  0.02
9.53  0.03
9.55  0.04
9.57  0.05
9.58  0.07
9.60  0.08
9.62  0.11
9.63  0.13
9.65  0.16
9.67  0.19
9.68  0.21
9.70  0.24
9.72  0.28
9.73  0.31
9.75  0.35
9.77  0.39
9.78  0.42
9.80  0.47
9.82  0.51
9.83  0.55
9.85  0.60
9.87  0.65
9.88  0.70
9.90  0.76
9.92  0.81
9.93  0.87
9.95  0.94
9.97  1.01
9.98  1.09
10.00  1.18
10.02  1.27
10.05  1.36
10.07  1.46
10.08  1.55
10.10  1.65
10.12  1.79
10.13  1.94
10.15  2.02
10.17  2.07
10.18  2.13
10.20  2.20
10.22  2.28
10.23  2.35
10.25  2.42
10.27  2.50
10.28  2.57
10.30  2.64
10.32  2.73
10.33  2.77
10.35  2.73
10.37  2.69
10.38  2.74
10.40  2.82
10.42  2.90
10.43  3.03
10.45  3.09
10.47  3.09
10.48  3.13
10.50  3.18
10.52  3.20
10.53  3.25
10.55  3.29
10.57  3.30
10.60  3.32
10.62  3.30
10.63  3.27
10.65  3.27
10.67  3.30
10.68  3.32
10.70  3.33
10.72  3.34
10.73  3.36
10.75  3.38
10.77  3.40
10.78  3.42
10.80  3.47
10.82  3.49
10.83  3.50
10.85  3.52
10.87  3.54
10.88  3.54
10.90  3.54
10.92  3.55
10.93  3.56
10.95  3.57
10.97  3.57
10.98  3.57
11.00  3.59
11.02  3.59
11.03  3.59
11.05  3.60
11.07  3.60
11.08  3.60
11.10  3.62
11.13  3.64
11.15  3.66
11.17  3.68
11.18  3.68
11.20  3.69
11.22  3.71
11.23  3.71
11.25  3.73
11.27  3.72
11.28  3.76
11.30  3.76
11.32  3.75
11.33  3.73
11.35  3.73
11.37  3.74
11.38  3.75
11.40  3.76
11.42  3.75
11.43  3.74
11.45  3.75
11.47  3.78
11.48  3.78
11.50  3.76
11.52  3.76
11.53  3.75
11.55  3.74
11.57  3.75
11.58  3.75
11.60  3.74
11.62  3.73
11.63  3.72
11.67  3.71
11.68  3.73
11.70  3.73
11.72  3.72
11.73  3.72
11.75  3.71
11.77  3.70
11.78  3.69
11.80  3.69
11.82  3.69
11.83  3.70
11.85  3.71
11.87  3.71
11.88  3.72
11.90  3.72
11.92  3.72
11.93  3.70
11.95  3.70
11.97  3.70
11.98  3.72
12.00  3.73
12.02  3.75
12.03  3.76
12.05  3.76
12.07  3.77
12.08  3.79
12.10  3.79
12.12  3.79
12.13  3.80
12.15  3.81
12.17  3.83
12.20  3.84
12.22  3.85
12.23  3.85
12.25  3.86
12.27  3.87
12.28  3.88
12.30  3.90
12.32  3.90
12.33  3.92
12.35  3.93
12.37  3.93
12.38  3.95
12.40  3.96
12.42  3.97
12.43  3.98
12.45  3.98
12.47  3.97
12.48  3.98
12.50  3.99
12.52  3.99
12.53  4.00
12.55  4.00
12.57  4.01
12.58  4.02
12.60  4.02
12.62  4.01
12.63  4.02
12.65  4.02
12.67  4.03
12.68  4.03
12.70  4.02
12.73  4.01
12.75  4.00
12.77  4.00
12.78  4.02
12.80  4.01
12.82  4.00
12.83  4.02
12.85  4.01
12.87  4.04
12.88  4.01
12.90  4.03
12.92  4.06
12.93  4.04
12.95  4.05
12.97  4.05
12.98  4.04
13.00  4.02
13.02  3.99
13.03  4.05
13.05  4.04
13.07  4.04
13.08  4.04
13.10  4.03
13.12  4.02
13.13  4.00
13.15  3.98
13.17  3.99
13.18  4.01
13.20  4.00
13.22  4.01
13.23  4.02
13.27  4.03
13.28  4.02
13.30  4.03
13.32  4.02
13.33  4.02
13.35  4.01
13.37  4.04
13.38  4.03
13.40  4.04
13.42  4.06
13.43  4.05
13.45  4.04
13.47  4.04
13.48  4.05
13.50  4.05
13.52  4.05
13.53  4.05
13.55  4.05
13.57  4.06
13.58  4.06
13.60  4.04
13.62  4.02
13.63  4.03
13.65  4.05
13.67  4.06
13.68  4.07
13.70  4.06
13.72  4.07
13.73  4.07
13.75  4.07
13.77  4.07
13.80  4.06
13.82  4.06
13.83  4.08
13.85  4.07
13.87  4.07
13.88  4.08
13.90  4.09
13.92  4.09
13.93  4.12
13.95  4.09
13.97  4.11
13.98  4.11
14.00  4.12
14.02  4.11
14.03  4.10
14.05  4.10
14.07  4.09
14.08  4.09
14.10  4.11
14.12  4.10
14.13  4.14
14.15  4.12
14.17  4.10
14.18  4.12
14.20  4.10
14.22  4.08
14.23  4.06
14.25  4.05
14.27  4.05
14.28  4.04
14.30  4.03
14.33  4.05
14.35  4.05
14.37  4.06
14.38  4.05
14.40  4.06
14.42  4.05
14.43  4.04
14.45  4.05
14.47  4.06
14.48  4.06
14.50  4.05
14.52  4.06
14.53  4.06
14.55  4.06
14.57  4.08
14.58  4.08
14.60  4.08
14.62  4.09
14.63  4.11
14.65  3.96
14.67  3.71
14.68  3.65
14.70  3.62
14.72  3.61
14.73  3.61
14.75  3.60
14.77  3.60
14.78  3.60
14.80  3.59
14.82  3.59
14.83  3.59
14.85  3.58
14.88  3.58
14.90  3.58
14.92  3.58
14.93  3.57
14.95  3.56
14.97  3.56
14.98  3.56
15.00  3.56
15.02  3.55
15.03  3.55
15.05  3.55
15.07  3.54
15.08  3.54
15.10  3.54
15.12  3.53
15.13  3.53
15.15  3.53
15.17  3.52
15.18  3.52
15.20  3.52
15.22  3.52
15.23  3.53
15.25  3.53
15.27  3.53
15.28  3.53
15.30  3.53
15.32  3.53
15.33  3.53
15.35  3.53
15.37  3.53
15.38  3.53
15.42  3.54
15.43  3.54
15.45  3.54
15.47  3.54
15.48  3.54
15.50  3.54
15.52  3.54
15.53  3.54
15.55  3.54
15.57  3.54
15.58  3.54
15.60  3.54
15.62  3.54
15.63  3.54
15.65  3.54
15.67  3.55
15.68  3.55
15.70  3.55
15.72  3.55
15.73  3.55
15.75  3.55
15.77  3.55
15.78  3.55
15.80  3.54
15.82  3.54
15.83  3.54
15.85  3.54
15.87  3.54
15.88  3.54
15.90  3.54
15.92  3.54
15.95  3.54
15.97  3.54
15.98  3.54
16.00  3.54
16.02  3.54
16.03  3.54
16.05  3.54
16.07  3.54
16.08  3.54
16.10  3.54
16.12  3.54
16.13  3.54
16.15  3.54
16.17  3.54
16.18  3.53
16.20  3.53
16.22  3.53
16.23  3.53
16.25  3.53
16.27  3.52
16.28  3.53
16.30  3.52
16.32  3.52
16.33  3.52
16.35  3.52
16.37  3.51
16.38  3.51
16.40  3.51
16.42  3.51
16.43  3.50
16.45  3.50
16.48  3.50
16.50  3.49
16.52  3.49
16.53  3.48
16.55  3.48
16.57  3.48
16.58  3.48
16.60  3.48
16.62  3.48
16.63  3.47
16.65  3.48
16.67  3.47
16.68  3.47
16.70  3.47
16.72  3.46
16.73  3.46
16.75  3.46
16.77  3.46
16.78  3.46
16.80  3.46
16.82  3.46
16.83  3.46
16.85  3.46
16.87  3.46
16.88  3.46
16.90  3.45
16.92  3.45
16.93  3.45
16.95  3.45
16.97  3.44
16.98  3.44
17.02  3.43
17.03  3.43
17.05  3.42
17.07  3.42
17.08  3.41
17.10  3.41
17.12  3.41
17.13  3.40
17.15  3.40
17.17  3.40
17.18  3.39
17.20  3.39
17.22  3.38
17.23  3.38
17.25  3.38
17.27  3.37
17.28  3.37
17.30  3.37
17.32  3.37
17.33  3.36
17.35  3.36
17.37  3.35
17.38  3.35
17.40  3.34
17.42  3.34
17.43  3.34
17.45  3.34
17.47  3.34
17.48  3.34
17.50  3.33
17.52  3.33
17.55  3.33
17.57  3.33
17.58  3.33
17.60  3.33
17.62  3.33
17.63  3.33
17.65  3.33
17.67  3.33
17.68  3.33
17.70  3.33
17.72  3.32
17.73  3.32
17.75  3.31
17.77  3.31
17.78  3.31
17.80  3.30
17.82  3.30
17.83  3.30
17.85  3.29
17.87  3.28
17.88  3.28
17.90  3.27
17.92  3.27
17.93  3.26
17.95  3.26
17.97  3.26
17.98  3.26
18.00  3.26
18.02  3.26
18.03  3.26
18.05  3.26
18.08  3.25
18.10  3.25
18.12  3.25
18.13  3.25
18.15  3.24
18.17  3.23
18.18  3.23
18.20  3.22
18.22  3.21
18.23  3.20
18.25  3.18
18.27  3.17
18.28  3.16
18.30  3.15
18.32  3.13
18.33  3.13
18.35  3.12
18.37  3.11
18.38  3.09
18.40  3.09
18.42  3.08
18.43  3.07
18.45  3.07
18.47  3.06
18.48  3.05
18.50  3.05
18.52  3.05
18.53  3.04
18.55  3.04
18.57  3.04
18.58  3.04
18.62  3.03
18.63  3.03
18.65  3.03
18.67  3.03
18.68  3.03
18.70  3.03
18.72  3.03
18.73  3.03
18.75  3.02
18.77  3.02
18.78  3.02
18.80  3.02
18.82  3.02
18.83  3.02
18.85  3.02
18.87  3.02
18.88  3.02
18.90  3.01
18.92  3.01
18.93  3.01
18.95  3.01
18.97  3.00
18.98  3.00
19.00  3.00
19.02  3.00
19.03  2.99
19.05  2.99
19.07  2.99
19.08  2.98
19.10  2.98
19.12  2.98
19.15  2.98
19.17  2.97
19.18  2.97
19.20  2.97
19.22  2.96
19.23  2.96
19.25  2.95
19.27  2.95
19.28  2.95
19.30  2.94
19.32  2.94
19.33  2.93
19.35  2.93
19.37  2.93
19.38  2.92
19.40  2.92
19.42  2.92
19.43  2.91
19.45  2.91
19.47  2.91
19.48  2.90
19.50  2.90
19.52  2.89
19.53  2.88
19.55  2.88
19.57  2.87
19.58  2.87
19.60  2.87
19.62  2.86
19.63  2.86
19.65  2.85
19.67  2.85
19.70  2.84
19.72  2.83
19.73  2.83
19.75  2.82
19.77  2.81
19.78  2.81
19.80  2.80
19.82  2.80
19.83  2.79
19.85  2.78
19.87  2.78
19.88  2.77
19.90  2.77
19.92  2.76
19.93  2.76
19.95  2.75
19.97  2.74
19.98  2.74
20.00  2.73
20.02  2.72
20.03  2.71
20.05  2.71
20.07  2.70
20.08  2.69
20.10  2.68
20.12  2.67
20.13  2.66
20.15  2.65
20.17  2.64
20.18  2.63
20.20  2.62
20.23  2.61
20.25  2.59
20.27  2.58
20.28  2.57
20.30  2.56
20.32  2.55
20.33  2.54
20.35  2.53
20.37  2.52
20.38  2.51
20.40  2.50
20.42  2.50
20.43  2.49
20.45  2.49
20.47  2.48
20.48  2.47
20.50  2.47
20.52  2.46
20.53  2.46
20.55  2.45
20.57  2.45
20.58  2.44
20.60  2.44
20.62  2.44
20.63  2.43
20.65  2.43
20.67  2.43
20.68  2.43
20.70  2.42
20.72  2.42
20.73  2.42
20.77  2.41
20.78  2.41
20.80  2.40
20.82  2.40
20.83  2.40
20.85  2.39
20.87  2.39
20.88  2.38
20.90  2.38
20.92  2.37
20.93  2.37
20.95  2.36
20.97  2.36
20.98  2.35
21.00  2.34
21.02  2.34
21.03  2.33
21.05  2.33
21.07  2.32
21.08  2.31
21.10  2.31
21.12  2.30
21.13  2.29
21.15  2.28
21.17  2.27
21.18  2.26
21.20  2.24
21.22  2.22
21.23  2.20
21.25  2.19
21.27  2.16
21.30  2.14
21.32  2.12
21.33  2.09
21.35  2.07
21.37  2.04
21.38  2.01
21.40  1.98
21.42  1.95
21.43  1.92
21.45  1.89
21.47  1.86
21.48  1.83
21.50  1.79
21.52  1.76
21.53  1.72
21.55  1.69
21.57  1.66
21.58  1.62
21.60  1.58
21.62  1.54
21.63  1.51
21.65  1.47
21.67  1.45
21.68  1.41
21.70  1.37
21.72  1.33
21.73  1.29
21.75  1.24
21.77  1.19
21.78  1.14
21.80  1.09
21.83  1.04
21.85  0.99
21.87  0.95
21.88  0.90
21.90  0.86
21.92  0.83
21.93  0.79
21.95  0.75
21.97  0.71
21.98  0.67
22.00  0.63
22.02  0.59
22.03  0.57
22.05  0.55
22.07  0.52
22.08  0.48
22.10  0.43
22.12  0.40
22.13  0.35
22.15  0.30
22.17  0.25
22.18  0.21
22.20  0.17
22.22  0.14
22.23  0.11
22.25  0.08
22.27  0.07
22.28  0.05
22.30  0.04
22.32  0.03
22.33  0.02
22.37  0.01
22.38  0.01
22.40  0.00
22.42  0.00
22.43  0.00
22.45  0.00
22.47  0.00
22.48  0.00
22.50  0.00
22.52  0.00
22.53  0.00
22.55  0.00
22.57  0.00
22.58  0.00
22.60  0.00
22.62  0.00
22.63  0.00
22.65  0.00
22.67  0.00
22.68  0.00
22.70  0.00
22.72  0.00
22.73  0.00
22.75  0.00
22.77  0.00
22.78  0.00
22.80  0.00
22.82  0.00
22.83  0.00
22.85  0.00
22.87  0.00
22.88  0.00
22.92  0.00
22.93  0.00
22.95  0.00
22.97  0.00
22.98  0.00
23.00  0.00
23.02  0.00
23.03  0.00
23.05  0.00
23.07  0.00
23.08  0.00
23.10  0.00
23.12  0.00
23.13  0.00
23.15  0.00
23.17  0.00
23.18  0.00
23.20  0.00
23.22  0.00
23.23  0.00
23.25  0.00
23.27  0.00
23.28  0.00
23.30  0.00
23.32  0.00
23.33  0.00
23.35  0.00
23.37  0.00
23.38  0.00
23.40  0.00
23.42  0.00
23.45  0.00
23.47  0.00
23.48  0.00
23.50  0.00
23.52  0.00
23.53  0.00
23.55  0.00
23.57  0.00
23.58  0.00
23.60  0.00
23.62  0.00
23.63  0.00
23.65  0.00
23.67  0.00
23.68  0.00
23.70  0.00
23.72  0.00
23.73  0.00
23.75  0.00
23.77  0.00
23.78  0.00
23.80  0.00
23.82  0.00
23.83  0.00
23.85  0.00
23.87  0.00
23.88  0.00
23.90  0.00
23.92  0.00
23.93  0.00
23.95  0.00
23.98  0.00
