genericdec
-3.60   40.15
23  9  2015
0.02  0.00
0.03  0.00
0.05  0.00
0.07  0.00
0.08  0.00
0.10  0.00
0.12  0.00
0.13  0.00
0.15  0.00
0.17  0.00
0.18  0.00
0.20  0.00
0.22  0.00
0.23  0.00
0.25  0.00
0.27  0.00
0.28  0.00
0.30  0.00
0.32  0.00
0.33  0.00
0.35  0.00
0.37  0.00
0.38  0.00
0.40  0.00
0.42  0.00
0.43  0.00
0.45  0.00
0.47  0.00
0.48  0.00
0.50  0.00
0.53  0.00
0.55  0.00
0.57  0.00
0.58  0.00
0.60  0.00
0.62  0.00
0.63  0.00
0.65  0.00
0.67  0.00
0.68  0.00
0.70  0.00
0.72  0.00
0.73  0.00
0.75  0.00
0.77  0.00
0.78  0.00
0.80  0.00
0.82  0.00
0.83  0.00
0.85  0.00
0.87  0.00
0.88  0.00
0.90  0.00
0.92  0.00
0.93  0.00
0.95  0.00
0.97  0.00
0.98  0.00
1.00  0.00
1.02  0.00
1.03  0.00
1.07  0.00
1.08  0.00
1.10  0.00
1.12  0.00
1.13  0.00
1.15  0.00
1.17  0.00
1.18  0.00
1.20  0.00
1.22  0.00
1.23  0.00
1.25  0.00
1.27  0.00
1.28  0.00
1.30  0.00
1.32  0.00
1.33  0.00
1.35  0.00
1.37  0.00
1.38  0.00
1.40  0.00
1.42  0.00
1.43  0.00
1.45  0.00
1.47  0.00
1.48  0.00
1.50  0.00
1.52  0.00
1.53  0.00
1.55  0.00
1.57  0.00
1.60  0.00
1.62  0.00
1.63  0.00
1.65  0.00
1.67  0.00
1.68  0.00
1.70  0.00
1.72  0.00
1.73  0.00
1.75  0.00
1.77  0.00
1.78  0.00
1.80  0.00
1.82  0.00
1.83  0.00
1.85  0.00
1.87  0.00
1.88  0.00
1.90  0.00
1.92  0.00
1.93  0.00
1.95  0.00
1.97  0.00
1.98  0.00
2.00  0.00
2.02  0.00
2.03  0.00
2.05  0.00
2.07  0.00
2.08  0.00
2.10  0.00
2.13  0.00
2.15  0.00
2.17  0.00
2.18  0.00
2.20  0.00
2.22  0.00
2.23  0.00
2.25  0.00
2.27  0.00
2.28  0.00
2.30  0.00
2.32  0.00
2.33  0.00
2.35  0.00
2.37  0.00
2.38  0.00
2.40  0.00
2.42  0.00
2.43  0.00
2.45  0.00
2.47  0.00
2.48  0.00
2.50  0.00
2.52  0.00
2.53  0.00
2.55  0.00
2.57  0.00
2.58  0.00
2.60  0.00
2.62  0.00
2.63  0.00
2.65  0.00
2.68  0.00
2.70  0.00
2.72  0.00
2.73  0.00
2.75  0.00
2.77  0.00
2.78  0.00
2.80  0.00
2.82  0.00
2.83  0.00
2.85  0.00
2.87  0.00
2.88  0.00
2.90  0.00
2.92  0.00
2.93  0.00
2.95  0.00
2.97  0.00
2.98  0.00
3.00  0.00
3.02  0.00
3.03  0.00
3.05  0.00
3.07  0.00
3.08  0.00
3.10  0.00
3.12  0.00
3.13  0.00
3.15  0.00
3.17  0.00
3.18  0.00
3.22  0.00
3.23  0.00
3.25  0.00
3.27  0.00
3.28  0.00
3.30  0.00
3.32  0.00
3.33  0.00
3.35  0.00
3.37  0.00
3.38  0.00
3.40  0.00
3.42  0.00
3.43  0.00
3.45  0.00
3.47  0.00
3.48  0.00
3.50  0.00
3.52  0.00
3.53  0.00
3.55  0.00
3.57  0.00
3.58  0.00
3.60  0.00
3.62  0.00
3.63  0.00
3.65  0.00
3.67  0.00
3.68  0.00
3.70  0.00
3.72  0.00
3.75  0.00
3.77  0.00
3.78  0.00
3.80  0.00
3.82  0.00
3.83  0.00
3.85  0.00
3.87  0.00
3.88  0.00
3.90  0.00
3.92  0.00
3.93  0.00
3.95  0.00
3.97  0.00
3.98  0.00
4.00  0.00
4.02  0.00
4.03  0.00
4.05  0.00
4.07  0.00
4.08  0.00
4.10  0.00
4.12  0.00
4.13  0.00
4.15  0.00
4.17  0.00
4.18  0.00
4.20  0.00
4.22  0.00
4.23  0.00
4.25  0.00
4.28  0.00
4.30  0.00
4.32  0.00
4.33  0.00
4.35  0.00
4.37  0.00
4.38  0.00
4.40  0.00
4.42  0.00
4.43  0.00
4.45  0.00
4.47  0.00
4.48  0.00
4.50  0.00
4.52  0.00
4.53  0.00
4.55  0.00
4.57  0.00
4.58  0.00
4.60  0.00
4.62  0.00
4.63  0.00
4.65  0.00
4.67  0.00
4.68  0.00
4.70  0.00
4.72  0.00
4.73  0.00
4.75  0.00
4.77  0.00
4.78  0.00
4.82  0.00
4.83  0.00
4.85  0.00
4.87  0.00
4.88  0.00
4.90  0.00
4.92  0.00
4.93  0.00
4.95  0.00
4.97  0.00
4.98  0.00
5.00  0.00
5.02  0.00
5.03  0.00
5.05  0.00
5.07  0.00
5.08  0.00
5.10  0.00
5.12  0.00
5.13  0.00
5.15  0.00
5.17  0.00
5.18  0.00
5.20  0.00
5.22  0.00
5.23  0.00
5.25  0.00
5.27  0.00
5.28  0.00
5.30  0.00
5.32  0.00
5.33  0.00
5.37  0.00
5.38  0.00
5.40  0.00
5.42  0.00
5.43  0.00
5.45  0.00
5.47  0.00
5.48  0.00
5.50  0.00
5.52  0.00
5.53  0.00
5.55  0.00
5.57  0.00
5.58  0.00
5.60  0.00
5.62  0.00
5.63  0.00
5.65  0.00
5.67  0.00
5.68  0.00
5.70  0.00
5.72  0.00
5.73  0.00
5.75  0.00
5.77  0.00
5.78  0.00
5.80  0.00
5.82  0.00
5.83  0.00
5.85  0.00
5.87  0.00
5.90  0.00
5.92  0.00
5.93  0.00
5.95  0.00
5.97  0.00
5.98  0.00
6.00  0.00
6.02  0.00
6.03  0.00
6.05  0.00
6.07  0.00
6.08  0.00
6.10  0.00
6.12  0.00
6.13  0.00
6.15  0.00
6.17  0.00
6.18  0.00
6.20  0.00
6.22  0.00
6.23  0.00
6.25  0.00
6.27  0.00
6.28  0.00
6.30  0.00
6.32  0.00
6.33  0.00
6.35  0.00
6.37  0.00
6.38  0.00
6.40  0.00
6.43  0.00
6.45  0.00
6.47  0.00
6.48  0.00
6.50  0.00
6.52  0.00
6.53  0.00
6.55  0.00
6.57  0.00
6.58  0.00
6.60  0.00
6.62  0.00
6.63  0.00
6.65  0.00
6.67  0.00
6.68  0.00
6.70  0.00
6.72  0.00
6.73  0.00
6.75  0.00
6.77  0.00
6.78  0.00
6.80  0.00
6.82  0.00
6.83  0.00
6.85  0.00
6.87  0.00
6.88  0.00
6.90  0.00
6.92  0.00
6.93  0.00
6.97  0.00
6.98  0.00
7.00  0.00
7.02  0.00
7.03  0.00
7.05  0.00
7.07  0.00
7.08  0.00
7.10  0.00
7.12  0.00
7.13  0.00
7.15  0.00
7.17  0.00
7.18  0.00
7.20  0.00
7.22  0.00
7.23  0.00
7.25  0.00
7.27  0.00
7.28  0.00
7.30  0.00
7.32  0.00
7.33  0.00
7.35  0.00
7.37  0.00
7.38  0.00
7.40  0.00
7.42  0.00
7.43  0.00
7.45  0.00
7.47  0.00
7.48  0.00
7.52  0.00
7.53  0.00
7.55  0.00
7.57  0.00
7.58  0.00
7.60  0.00
7.62  0.00
7.63  0.00
7.65  0.00
7.67  0.00
7.68  0.00
7.70  0.00
7.72  0.00
7.73  0.00
7.75  0.00
7.77  0.00
7.78  0.00
7.80  0.00
7.82  0.00
7.83  0.00
7.85  0.00
7.87  0.00
7.88  0.00
7.90  0.00
7.92  0.00
7.93  0.00
7.95  0.00
7.97  0.00
7.98  0.00
8.00  0.00
8.02  0.00
8.05  0.00
8.07  0.00
8.08  0.00
8.10  0.00
8.12  0.00
8.13  0.00
8.15  0.00
8.17  0.00
8.18  0.00
8.20  0.00
8.22  0.00
8.23  0.00
8.25  0.00
8.27  0.00
8.28  0.00
8.30  0.00
8.32  0.00
8.33  0.00
8.35  0.00
8.37  0.00
8.38  0.00
8.40  0.00
8.42  0.00
8.43  0.00
8.45  0.00
8.47  0.00
8.48  0.00
8.50  0.00
8.52  0.00
8.53  0.00
8.55  0.00
8.58  0.00
8.60  0.00
8.62  0.00
8.63  0.00
8.65  0.00
8.67  0.00
8.68  0.00
8.70  0.00
8.72  0.00
8.73  0.00
8.75  0.00
8.77  0.00
8.78  0.00
8.80  0.00
8.82  0.00
8.83  0.00
8.85  0.00
8.87  0.00
8.88  0.00
8.90  0.00
8.92  0.00
8.93  0.00
8.95  0.00
8.97  0.00
8.98  0.00
9.00  0.00
9.02  0.00
9.03  0.00
9.05  0.00
9.07  0.00
9.08  0.00
9.12  0.00
9.13  0.00
9.15  0.00
9.17  0.00
9.18  0.00
9.20  0.00
9.22  0.00
9.23  0.00
9.25  0.00
9.27  0.00
9.28  0.00
9.30  0.00
9.32  0.00
9.33  0.00
9.35  0.00
9.37  0.00
9.38  0.00
9.40  0.00
9.42  0.00
9.43  0.00
9.45  0.01
9.47  0.01
9.48  0.02
9.50  0.02
9.52  0.03
9.53  0.04
9.55  0.05
9.57  0.06
9.58  0.08
9.60  0.10
9.62  0.12
9.63  0.15
9.67  0.18
9.68  0.21
9.70  0.24
9.72  0.28
9.73  0.32
9.75  0.37
9.77  0.41
9.78  0.46
9.80  0.51
9.82  0.57
9.83  0.63
9.85  0.67
9.87  0.73
9.88  0.79
9.90  0.84
9.92  0.90
9.93  0.97
9.95  1.04
9.97  1.11
9.98  1.16
10.00  1.22
10.02  1.30
10.03  1.53
10.05  1.99
10.07  2.07
10.08  1.89
10.10  1.92
10.12  2.35
10.13  2.60
10.15  2.68
10.17  2.66
10.20  2.55
10.22  2.61
10.23  2.74
10.25  2.88
10.27  2.86
10.28  2.77
10.30  2.87
10.32  2.89
10.33  2.96
10.35  3.06
10.37  3.11
10.38  3.13
10.40  3.21
10.42  3.27
10.43  3.29
10.45  3.33
10.47  3.38
10.48  3.38
10.50  3.42
10.52  3.40
10.53  3.40
10.55  3.43
10.57  3.47
10.58  3.52
10.60  3.54
10.62  3.57
10.63  3.59
10.65  3.60
10.67  3.62
10.68  3.63
10.70  3.65
10.73  3.66
10.75  3.67
10.77  3.68
10.78  3.69
10.80  3.70
10.82  3.71
10.83  3.72
10.85  3.73
10.87  3.74
10.88  3.75
10.90  3.75
10.92  3.76
10.93  3.77
10.95  3.77
10.97  3.78
10.98  3.79
11.00  3.79
11.02  3.80
11.03  3.80
11.05  3.81
11.07  3.82
11.08  3.82
11.10  3.82
11.12  3.82
11.13  3.82
11.15  3.82
11.17  3.83
11.18  3.83
11.20  3.83
11.22  3.84
11.23  3.84
11.27  3.84
11.28  3.84
11.30  3.85
11.32  3.85
11.33  3.85
11.35  3.85
11.37  3.85
11.38  3.84
11.40  3.84
11.42  3.84
11.43  3.83
11.45  3.83
11.47  3.83
11.48  3.82
11.50  3.82
11.52  3.82
11.53  3.82
11.55  3.82
11.57  3.81
11.58  3.81
11.60  3.80
11.62  3.79
11.63  3.79
11.65  3.78
11.67  3.78
11.68  3.78
11.70  3.78
11.72  3.77
11.73  3.76
11.75  3.75
11.77  3.75
11.80  3.74
11.82  3.73
11.83  3.73
11.85  3.73
11.87  3.74
11.88  3.74
11.90  3.75
11.92  3.75
11.93  3.74
11.95  3.73
11.97  3.72
11.98  3.72
12.00  3.72
12.02  3.73
12.03  3.75
12.05  3.76
12.07  3.78
12.08  3.79
12.10  3.79
12.12  3.79
12.13  3.79
12.15  3.80
12.17  3.81
12.18  3.82
12.20  3.83
12.22  3.85
12.23  3.87
12.25  3.89
12.27  3.90
12.28  3.92
12.30  3.93
12.33  3.94
12.35  3.95
12.37  3.96
12.38  3.97
12.40  3.98
12.42  4.00
12.43  4.01
12.45  4.02
12.47  4.03
12.48  4.04
12.50  4.05
12.52  4.06
12.53  4.07
12.55  4.07
12.57  4.08
12.58  4.08
12.60  4.09
12.62  4.10
12.63  4.10
12.65  4.11
12.67  4.11
12.68  4.12
12.70  4.12
12.72  4.12
12.73  4.12
12.75  4.12
12.77  4.12
12.78  4.13
12.80  4.13
12.82  4.13
12.83  4.13
12.87  4.13
12.88  4.13
12.90  4.13
12.92  4.13
12.93  4.13
12.95  4.14
12.97  4.14
12.98  4.14
13.00  4.14
13.02  4.14
13.03  4.14
13.05  4.15
13.07  4.15
13.08  4.15
13.10  4.15
13.12  4.15
13.13  4.15
13.15  4.15
13.17  4.15
13.18  4.16
13.20  4.16
13.22  4.16
13.23  4.16
13.25  4.16
13.27  4.16
13.28  4.16
13.30  4.16
13.32  4.16
13.33  4.16
13.35  4.16
13.37  4.17
13.40  4.17
13.42  4.17
13.43  4.17
13.45  4.17
13.47  4.17
13.48  4.17
13.50  4.17
13.52  4.17
13.53  4.17
13.55  4.17
13.57  4.17
13.58  4.17
13.60  4.17
13.62  4.17
13.63  4.18
13.65  4.18
13.67  4.18
13.68  4.19
13.70  4.19
13.72  4.19
13.73  4.18
13.75  4.19
13.77  4.19
13.78  4.19
13.80  4.19
13.82  4.20
13.83  4.20
13.85  4.20
13.87  4.19
13.88  4.21
13.90  4.21
13.93  4.21
13.95  4.21
13.97  4.20
13.98  4.21
14.00  4.21
14.02  4.21
14.03  4.19
14.05  4.14
14.07  4.05
14.08  4.12
14.10  4.16
14.12  4.10
14.13  4.09
14.15  3.99
14.17  3.99
14.18  3.89
14.20  3.87
14.22  3.90
14.23  4.07
14.25  3.93
14.27  3.93
14.28  3.94
14.30  4.06
14.32  3.99
14.33  4.18
14.35  4.24
14.37  4.24
14.38  4.11
14.40  4.16
14.42  4.09
14.43  4.08
14.47  3.98
14.48  4.03
14.50  4.10
14.52  3.95
14.53  3.93
14.55  3.91
14.57  4.03
14.58  3.96
14.60  3.95
14.62  4.13
14.63  3.84
14.65  3.73
14.67  3.64
14.68  3.61
14.70  3.57
14.72  3.56
14.73  3.54
14.75  3.52
14.77  3.50
14.78  3.49
14.80  3.47
14.82  3.46
14.83  3.44
14.85  3.42
14.87  3.46
14.88  3.45
14.90  3.38
14.92  3.37
14.93  3.37
14.95  3.33
14.97  3.30
15.00  3.35
15.02  3.33
15.03  3.27
15.05  3.20
15.07  3.20
15.08  3.23
15.10  3.22
15.12  3.24
15.13  3.26
15.15  3.29
15.17  3.30
15.18  3.31
15.20  3.29
15.22  3.26
15.23  3.23
15.25  3.26
15.27  3.17
15.28  3.10
15.30  3.07
15.32  3.10
15.33  3.17
15.35  3.16
15.37  3.15
15.38  3.14
15.40  3.12
15.42  3.05
15.43  3.09
15.45  3.03
15.47  3.04
15.48  3.15
15.50  3.07
15.52  2.99
15.55  3.00
15.57  3.10
15.58  3.04
15.60  3.03
15.62  3.07
15.63  3.07
15.65  3.05
15.67  3.03
15.68  3.03
15.70  3.01
15.72  2.97
15.73  2.96
15.75  2.97
15.77  2.98
15.78  2.96
15.80  2.96
15.82  2.98
15.83  2.98
15.85  2.99
15.87  3.00
15.88  3.00
15.90  3.03
15.92  3.04
15.93  3.04
15.95  3.05
15.97  3.04
15.98  3.02
16.00  3.01
16.02  2.99
16.03  2.99
16.05  2.98
16.08  2.97
16.10  2.96
16.12  2.95
16.13  2.94
16.15  2.93
16.17  2.93
16.18  2.92
16.20  2.91
16.22  2.90
16.23  2.89
16.25  2.88
16.27  2.86
16.28  2.85
16.30  2.84
16.32  2.82
16.33  2.82
16.35  2.81
16.37  2.80
16.38  2.79
16.40  2.79
16.42  2.78
16.43  2.77
16.45  2.76
16.47  2.75
16.48  2.75
16.50  2.74
16.52  2.73
16.53  2.73
16.55  2.73
16.57  2.73
16.58  2.73
16.62  2.73
16.63  2.72
16.65  2.72
16.67  2.72
16.68  2.71
16.70  2.71
16.72  2.71
16.73  2.70
16.75  2.70
16.77  2.69
16.78  2.68
16.80  2.68
16.82  2.67
16.83  2.66
16.85  2.66
16.87  2.65
16.88  2.65
16.90  2.64
16.92  2.64
16.93  2.63
16.95  2.63
16.97  2.62
16.98  2.62
17.00  2.62
17.02  2.62
17.03  2.62
17.05  2.62
17.07  2.61
17.08  2.61
17.10  2.61
17.12  2.60
17.15  2.60
17.17  2.60
17.18  2.60
17.20  2.60
17.22  2.59
17.23  2.59
17.25  2.58
17.27  2.58
17.28  2.57
17.30  2.57
17.32  2.56
17.33  2.56
17.35  2.56
17.37  2.55
17.38  2.55
17.40  2.55
17.42  2.55
17.43  2.54
17.45  2.54
17.47  2.54
17.48  2.54
17.50  2.54
17.52  2.54
17.53  2.54
17.55  2.53
17.57  2.53
17.58  2.53
17.60  2.52
17.62  2.52
17.63  2.52
17.65  2.51
17.68  2.51
17.70  2.51
17.72  2.50
17.73  2.50
17.75  2.50
17.77  2.50
17.78  2.49
17.80  2.49
17.82  2.49
17.83  2.48
17.85  2.48
17.87  2.48
17.88  2.48
17.90  2.47
17.92  2.47
17.93  2.47
17.95  2.46
17.97  2.46
17.98  2.46
18.00  2.46
18.02  2.45
18.03  2.45
18.05  2.45
18.07  2.45
18.08  2.45
18.10  2.44
18.12  2.44
18.13  2.44
18.15  2.44
18.17  2.44
18.18  2.43
18.22  2.43
18.23  2.43
18.25  2.43
18.27  2.43
18.28  2.42
18.30  2.42
18.32  2.42
18.33  2.42
18.35  2.42
18.37  2.41
18.38  2.41
18.40  2.41
18.42  2.41
18.43  2.41
18.45  2.40
18.47  2.40
18.48  2.39
18.50  2.40
18.52  2.40
18.53  2.39
18.55  2.39
18.57  2.39
18.58  2.39
18.60  2.39
18.62  2.38
18.63  2.38
18.65  2.38
18.67  2.38
18.68  2.38
18.70  2.38
18.72  2.37
18.75  2.37
18.77  2.37
18.78  2.37
18.80  2.36
18.82  2.36
18.83  2.36
18.85  2.36
18.87  2.36
18.88  2.36
18.90  2.35
18.92  2.35
18.93  2.35
18.95  2.35
18.97  2.35
18.98  2.34
19.00  2.34
19.02  2.34
19.03  2.34
19.05  2.34
19.07  2.33
19.08  2.33
19.10  2.33
19.12  2.33
19.13  2.33
19.15  2.32
19.17  2.32
19.18  2.32
19.20  2.32
19.22  2.32
19.23  2.31
19.25  2.31
19.28  2.31
19.30  2.31
19.32  2.31
19.33  2.31
19.35  2.30
19.37  2.30
19.38  2.30
19.40  2.30
19.42  2.30
19.43  2.29
19.45  2.29
19.47  2.29
19.48  2.29
19.50  2.29
19.52  2.29
19.53  2.29
19.55  2.28
19.57  2.28
19.58  2.28
19.60  2.28
19.62  2.27
19.63  2.27
19.65  2.27
19.67  2.27
19.68  2.27
19.70  2.26
19.72  2.26
19.73  2.26
19.75  2.26
19.77  2.25
19.78  2.25
19.80  2.25
19.83  2.25
19.85  2.24
19.87  2.24
19.88  2.24
19.90  2.24
19.92  2.23
19.93  2.23
19.95  2.23
19.97  2.23
19.98  2.23
20.00  2.22
20.02  2.22
20.03  2.22
20.05  2.22
20.07  2.22
20.08  2.21
20.10  2.21
20.12  2.21
20.13  2.20
20.15  2.20
20.17  2.20
20.18  2.19
20.20  2.19
20.22  2.19
20.23  2.18
20.25  2.18
20.27  2.18
20.28  2.18
20.30  2.17
20.32  2.17
20.33  2.17
20.37  2.16
20.38  2.16
20.40  2.16
20.42  2.15
20.43  2.15
20.45  2.15
20.47  2.14
20.48  2.14
20.50  2.14
20.52  2.13
20.53  2.13
20.55  2.13
20.57  2.12
20.58  2.12
20.60  2.11
20.62  2.11
20.63  2.11
20.65  2.10
20.67  2.10
20.68  2.09
20.70  2.08
20.72  2.08
20.73  2.08
20.75  2.07
20.77  2.06
20.78  2.05
20.80  2.04
20.82  2.03
20.83  2.02
20.85  2.00
20.87  1.97
20.90  1.93
20.92  1.91
20.93  1.90
20.95  1.88
20.97  1.87
20.98  1.85
21.00  1.83
21.02  1.81
21.03  1.80
21.05  1.79
21.07  1.79
21.08  1.77
21.10  1.76
21.12  1.76
21.13  1.75
21.15  1.74
21.17  1.73
21.18  1.71
21.20  1.70
21.22  1.68
21.23  1.67
21.25  1.65
21.27  1.65
21.28  1.65
21.30  1.65
21.32  1.64
21.33  1.63
21.35  1.62
21.37  1.61
21.38  1.60
21.40  1.58
21.43  1.57
21.45  1.55
21.47  1.53
21.48  1.52
21.50  1.50
21.52  1.48
21.53  1.46
21.55  1.43
21.57  1.41
21.58  1.38
21.60  1.36
21.62  1.33
21.63  1.30
21.65  1.28
21.67  1.25
21.68  1.22
21.70  1.19
21.72  1.15
21.73  1.12
21.75  1.09
21.77  1.06
21.78  1.02
21.80  0.99
21.82  0.95
21.83  0.92
21.85  0.88
21.87  0.84
21.88  0.81
21.90  0.76
21.92  0.72
21.93  0.67
21.97  0.63
21.98  0.58
22.00  0.53
22.02  0.48
22.03  0.44
22.05  0.41
22.07  0.37
22.08  0.33
22.10  0.30
22.12  0.26
22.13  0.23
22.15  0.21
22.17  0.18
22.18  0.15
22.20  0.13
22.22  0.10
22.23  0.09
22.25  0.07
22.27  0.05
22.28  0.04
22.30  0.03
22.32  0.02
22.33  0.01
22.35  0.01
22.37  0.00
22.38  0.00
22.40  0.00
22.42  0.00
22.43  0.00
22.45  0.00
22.47  0.00
22.50  0.00
22.52  0.00
22.53  0.00
22.55  0.00
22.57  0.00
22.58  0.00
22.60  0.00
22.62  0.00
22.63  0.00
22.65  0.00
22.67  0.00
22.68  0.00
22.70  0.00
22.72  0.00
22.73  0.00
22.75  0.00
22.77  0.00
22.78  0.00
22.80  0.00
22.82  0.00
22.83  0.00
22.85  0.00
22.87  0.00
22.88  0.00
22.90  0.00
22.92  0.00
22.93  0.00
22.95  0.00
22.97  0.00
22.98  0.00
23.00  0.00
23.03  0.00
23.05  0.00
23.07  0.00
23.08  0.00
23.10  0.00
23.12  0.00
23.13  0.00
23.15  0.00
23.17  0.00
23.18  0.00
23.20  0.00
23.22  0.00
23.23  0.00
23.25  0.00
23.27  0.00
23.28  0.00
23.30  0.00
23.32  0.00
23.33  0.00
23.35  0.00
23.37  0.00
23.38  0.00
23.40  0.00
23.42  0.00
23.43  0.00
23.45  0.00
23.47  0.00
23.48  0.00
23.50  0.00
23.52  0.00
23.53  0.00
23.55  0.00
23.58  0.00
23.60  0.00
23.62  0.00
23.63  0.00
23.65  0.00
23.67  0.00
23.68  0.00
23.70  0.00
23.72  0.00
23.73  0.00
23.75  0.00
23.77  0.00
23.78  0.00
23.80  0.00
23.82  0.00
23.83  0.00
23.85  0.00
23.87  0.00
23.88  0.00
23.90  0.00
23.92  0.00
23.93  0.00
23.95  0.00
23.97  0.00
23.98  0.00
